18.279038043915868 0.0 -2.7176407037973984
|[ 18.27903804   0.          -2.7176407 ]| |[ 17.8207444    4.06746862  -2.7176407 ]| |[ 16.46884421   7.93097737  -2.7176407 ]| |[ 14.29112741  11.39679381  -2.7176407 ]| |[ 11.39679381  14.29112741  -2.7176407 ]| |[  7.93097737  16.46884421  -2.7176407 ]| |[  4.06746862  17.8207444   -2.7176407 ]| |[  1.11926827e-15   1.82790380e+01  -2.71764070e+00]| |[ -4.06746862  17.8207444   -2.7176407 ]| |[ -7.93097737  16.46884421  -2.7176407 ]| |[-11.39679381  14.29112741  -2.7176407 ]| |[-14.29112741  11.39679381  -2.7176407 ]| |[-16.46884421   7.93097737  -2.7176407 ]| |[-17.8207444    4.06746862  -2.7176407 ]| |[ -1.82790380e+01   2.23853654e-15  -2.71764070e+00]|
0.0 0.22439947525641379 0.44879895051282759 0.67319842576924138 0.89759790102565518 1.121997376282069 1.3463968515384828 1.5707963267948966 1.7951958020513104 2.0195952773077241 2.2439947525641379 2.4683942278205517 2.6927937030769655 2.9171931783333793 3.1415926535897931
500 501 502 503 504 505 506 507 508 509 510 511 512 513 514 515 516 517 518 519 520 521 522 523 524 525 526 527 528 529 530 531 532 533 534 535 536 537 538 539 540 541 542 543 544 545 546 547 548 549 550 551 552 553 554 555 556 557 558 559 560 561 562 563 564 565 566 567 568 569 570 571 572 573 574 575 576 577 578 579 580 581 582 583 584 585 586 587 588 589 590 591 592 593 594 595 596 597 598 599 600 601 602 603 604 605 606 607 608 609 610 611 612 613 614 615 616 617 618 619 620 621 622 623 624 625 626 627 628 629 630 631 632 633 634 635 636 637 638 639 640 641 642 643 644 645 646 647 648 649 650 651 652 653 654 655 656 657 658 659 660 661 662 663 664 665 666 667 668 669 670 671 672 673 674 675 676 677 678 679 680 681 682 683 684 685 686 687 688 689 690 691 692 693 694 695 696 697 698 699 700 701 702 703 704 705 706 707 708 709 710 711 712 713 714 715 716 717 718 719 720 721 722 723 724 725 726 727 728 729 730 731 732 733 734 735 736 737 738 739 740 741 742 743 744 745 746 747 748 749 750 751 752 753 754 755 756 757 758 759 760 761 762 763 764 765 766 767 768 769 770 771 772 773 774 775 776 777 778 779 780 781 782 783 784 785 786 787 788 789 790 791 792 793 794 795 796 797 798 799 800 801 802 803 804 805 806 807 808 809 810 811 812 813 814 815 816 817 818 819 820 821 822 823 824 825 826 827 828 829 830 831 832 833 834 835 836 837 838 839 840 841 842 843 844 845 846 847 848 849 850 851 852 853 854 855 856 857 858 859 860 861 862 863 864 865 866 867 868 869 870 871 872 873 874 875 876 877 878 879 880 881 882 883 884 885 886 887 888 889 890 891 892 893 894 895 896 897 898 899 900 901 902 903 904 905 906 907 908 909 910 911 912 913 914 915 916 917 918 919 920 921 922 923 924 925 926 927 928 929 930 931 932 933 934 935 936 937 938 939 940 941 942 943 944 945 946 947 948 949 950 951 952 953 954 955 956 957 958 959 960 961 962 963 964 965 966 967 968 969 970 971 972 973 974 975 976 977 978 979 980 981 982 983 984 985 986 987 988 989 990 991 992 993 994 995 996 997 998 999 1000
0.85515983673795315 0.90874608438434046 0.93028646314229402 0.9519261273948243 0.95793086982313647 0.90562100690617553 0.87972371406001637 0.94693617867011159 0.9798957003211296 0.97358338867250971 0.9623404602533826 0.89299498897222762 0.81048265177679146 0.78618332874948305 0.82831507216451516
1.0650905715294274 1.0099224989149298 0.94384829338143172 0.96182555202287501 1.0632963308183294 1.0939072793557416 1.0389720904365658 1.0371357991940429 0.99657517922589689 0.9538217568338303 1.0159803964347456 1.0243672448421675 0.99172251600274497 1.0554923192188546 1.1120810867183062
0.82650879920230891 0.86527582438553952 0.8465804292021194 0.83458544134237245 0.8353303360607639 0.84391055756020938 0.8568192657887278 0.86750728408542499 0.90720004361298212 0.90340348789511948 0.85026560513945348 0.86494130526166513 0.89544347123594858 0.88019873891092715 0.88475056851542544
0.82750747531969238 0.82963330824150472 0.90988053537415747 0.96863912023638443 0.92358334786076624 0.87122358054574889 0.88406331691867257 0.87400438955276405 0.85575415786859255 0.85469745337965108 0.83386739823756229 0.83809364237418604 0.85616039860844928 0.83662105449677493 0.80492058410965828
0.92558159399642315 0.92797690572354219 0.83864789362116932 0.79057126836624569 0.85120181314552246 0.90482829608815973 0.92887500286596403 0.93643290938766677 0.90793396523408698 0.85553287236292774 0.81620779010495337 0.8509376741758965 0.88166951880774835 0.85229383752019439 0.85729956551641784
0.88768928664953606 0.84193696389385486 0.86468793645106112 0.9441287545383783 0.95634027064699512 0.90569806706231892 0.925914564273012 0.90913151282889648 0.86875361978346921 0.89895273601057257 0.90829947248659171 0.89468065769442462 0.90851245786688617 0.95646675193748676 0.95622274637588678
0.87862621584550149 0.84397069001256064 0.8172043685829945 0.79787545917938518 0.79054617961970786 0.80163715099197852 0.84117972241596084 0.90057920521875512 0.93576763832439158 0.94324428044875297 0.90712609201089112 0.86671210546260591 0.86463466241040632 0.89472295778569277 0.90184668529069123
0.79103602276570273 0.84278443575308826 0.93978024285807882 0.94838079342428028 0.88893236055065472 0.84518523336333062 0.80819808904403978 0.78152047003673641 0.78998570745274665 0.87784389332544888 0.96474014317151957 0.95248785882705345 0.89991885936451232 0.87803785178381644 0.86642871167431412
0.91237705575706374 0.87215585313445332 0.88298946833791625 0.93765647344110781 0.94749323527983087 0.88922782673289491 0.82122402218038615 0.79445107215601563 0.81748061718407705 0.83046854935604231 0.85189882263228622 0.92425409323870433 0.95697280027875431 0.9214243390160114 0.88926933277366416
0.84115739302499082 0.87945689478715394 0.85492000632417076 0.8096828695660625 0.78663483451735905 0.80018723592727925 0.81989145593989066 0.81628926417817016 0.82916108968960955 0.84816882684886608 0.82472564502290724 0.78182470753947442 0.78052506584041237 0.80106084806228606 0.80989729754081918
0.91980925087458842 0.93791686865479751 0.9277450814970899 0.89906061441637031 0.87292012614558223 0.83926320763387818 0.8079644515222979 0.82255881368098938 0.89167884433062872 0.93985471302928758 0.93180612135366303 0.93910934235554566 0.93162698134554645 0.88693343770039579 0.87212033702181835
0.84544211329939134 0.87810349268624377 0.85784670929322115 0.85614443846481736 0.9290675161918851 0.93640104346854902 0.8512089598979381 0.82510303823554265 0.86563873030662097 0.91108071472159424 0.91743434537412516 0.91075343942457099 0.90427583989372107 0.86951067069644439 0.85891278228642964
0.85074919173062669 0.8879582442521019 0.89172285539868423 0.90412693977276481 0.89605482095701405 0.83842156387299538 0.79963708739875639 0.78398006524106389 0.78274846412348864 0.78355941943385876 0.81258426871435774 0.88822390269562568 0.91973303241238302 0.87549468642530726 0.849183082446198
0.89370952106820034 0.88079624573386928 0.91025337860658195 0.92551792557264689 0.9172255633848766 0.8696311633810333 0.80469530961213231 0.79484302206713897 0.8145008512398566 0.79704140370387588 0.80368657181446246 0.87488369803191091 0.9092370163407878 0.88243409701412479 0.83143133758476995
0.83331412089247869 0.92099879206264179 0.9471868310229089 0.8896065999434587 0.86442243041851419 0.87542644895673205 0.85156221560712486 0.84536365394441437 0.84765743248442249 0.8471719912980622 0.88194024943219884 0.90698909717303933 0.85946385532975222 0.78684841741071265 0.78101974359764414
0.85494601226922617 0.80924764322530229 0.81732452390746491 0.89322487136214823 0.93269578631012384 0.87986387477211148 0.83700672565244261 0.87431056039324562 0.927738921776597 0.93900138478679351 0.95413969874811855 1.0006159458376209 1.0090433846191857 0.99131760789617807 0.95677785667292747
0.81575420919323949 0.80145510531619391 0.80372554239416449 0.82030799806576227 0.88165181025480333 0.9765660598174517 0.9731623013363383 0.88199544280526054 0.82929656371542293 0.85868496967344299 0.90154588680398295 0.87955096382755382 0.88081141589388656 0.95215284258389343 0.9409578537636295
0.89444235738780264 0.78939164857946753 0.7518044623302953 0.78819604448928549 0.78593300354262086 0.76863758614463462 0.80078319285358202 0.80573350782785946 0.77999894099660017 0.80101971144205153 0.83605527504904043 0.8387128246189669 0.84174847223788241 0.84658541736660575 0.82250021323489164
0.79640829540923264 0.80126162078530139 0.84156498613920994 0.89745168008884757 0.87995718183296268 0.79553204702900027 0.74763899305796666 0.75057170452950339 0.78502799901142195 0.86643187695792989 0.94030660452479409 0.92358428915611945 0.81233419339070467 0.74885439668232656 0.78759755270964904
0.94451504436870415 0.9405323416239616 0.89355414992830207 0.85019391015002987 0.86890564634200806 0.89657030813974981 0.90402294355259194 0.88457693352421474 0.89542721170909612 0.94211760753652052 0.9573150358972663 0.93145689339129445 0.89948996928473035 0.88976268003485581 0.89069519362263994
0.83169736516626958 0.81246296748767466 0.86789207205873342 0.87231048964321278 0.84369094531650735 0.85091791254682381 0.88469077027241949 0.89083357452218759 0.85791665867048283 0.83278314565834377 0.84586242225283703 0.86378526173105441 0.89044958530211571 0.91844149932780184 0.87949210334545624
0.93728539368212438 0.88725688893919996 0.84088276561373698 0.84260470846147795 0.86725214392174521 0.90305286123197492 0.9518671014169332 0.96103592362112 0.88889075540249829 0.83730611112793929 0.90640782112040141 0.9589234153652838 0.9325968172144431 0.94218247077491069 0.93631591909281409
0.79675045662651456 0.80206124454220173 0.83808113729598988 0.87246437853994163 0.91235176724451394 0.92429942004361476 0.87472465982107661 0.83336402075043736 0.81918668572037789 0.84952320385386637 0.92034153812556418 0.94185625931815453 0.92246574406524462 0.87737878281838488 0.79233942896132403
0.92964674282180337 0.92757285370088294 0.95779449075564838 1.0154649684909323 1.0055487175758149 0.95454183279035676 0.92075621325509638 0.88698672636399811 0.85963517009845047 0.89065646320347747 0.9029813746638965 0.88378689202702854 0.87003381754725817 0.85074917328515254 0.88229789858206553
0.89630437161458043 0.873258420277225 0.83980795626413529 0.82156997316143876 0.80007560133911237 0.80516569461454335 0.8535843655458315 0.86663221153542513 0.86092211772181926 0.85144510090780545 0.80887551591392937 0.79801832184780164 0.81587463457906806 0.82476726205330353 0.83554766168411088
0.82985122866046068 0.8225282321551044 0.82111779187566569 0.84405154058938603 0.88303920356131227 0.88525152193440693 0.84938809421176742 0.81423956925144114 0.80141053990893985 0.80339767872928203 0.80960945318507205 0.80858226090068108 0.79339834299490308 0.77215362450531333 0.75926894290505076
0.95743789044468264 0.89110021573306142 0.81323677027836239 0.8320665352218698 0.91041219279207286 0.94950856768170422 0.96058789717514426 0.94437424398678216 0.86648650443290887 0.80349274489136302 0.84505202501371868 0.95234664476222963 0.98119088466102167 0.92944580170786795 0.89716094207677477
0.86186313257996605 0.85336508088442364 0.89626527058604433 0.88763039279877998 0.87545457640353186 0.87572580318339255 0.82376047126956098 0.83051410183855723 0.88822277849068387 0.90245972511247685 0.89899062153989695 0.86828962941578469 0.88112686755313741 0.91446579523425719 0.87781794271928326
0.88235018925593534 0.90031246241530605 0.89990635323586399 0.90963347206507594 0.93075969362117239 0.89197608987195454 0.79905761682149068 0.81916997688214788 0.89333881446648156 0.8539942621489639 0.85675278659438314 0.90657963406994735 0.84341726615192592 0.8242030984291463 0.88194716663539496
0.87702541899978459 0.8977635791106604 0.85957193914800112 0.80516298262171182 0.80024255976064462 0.85434259457198802 0.85699008932587695 0.87352673980765894 0.94044672807826601 0.9193370847118012 0.85987478214163027 0.87047407311037472 0.86691523341493881 0.81454029274150286 0.80258986031223734
0.8614001943255597 0.90035032369372447 0.92568252979772248 0.90001969461304732 0.8783759270839514 0.88947813489200955 0.90342591355210233 0.88495661711738594 0.90056983648309208 0.90005721025600305 0.81763988060124959 0.75259099487706382 0.75931135665032001 0.81544161073634081 0.90444781309770839
0.88086126121427899 0.88952810226311607 0.88877793751938694 0.88271430712394361 0.89106837908377856 0.8986325558680277 0.85520985766052593 0.77743307835918507 0.7972350291043061 0.89090131521276383 0.90809573648482356 0.86203321248914611 0.84469922317621238 0.84533728538478969 0.83651155155959389
0.79194987058944211 0.79075844938526019 0.82488737852234162 0.8201959014213781 0.78781068641252272 0.7770464646768942 0.82167264376565441 0.8636102948506631 0.82907669374633042 0.79917889862622193 0.82471163413595572 0.82326294510532572 0.78253123229090649 0.78662528252236552 0.8113603681502477
0.91071244563636444 0.94652425795770234 0.94255615958267713 0.90450514968435525 0.87868944246397562 0.90507383001977171 0.91963974518974101 0.85069048579392859 0.77878934929236088 0.77196901410104657 0.80991401747210046 0.83299631604390678 0.81563912877082578 0.78413221815576728 0.8017273105003242
0.86556233488482637 0.89917273727578506 0.87576615292192783 0.85648650715960895 0.89218825149828318 0.93441698199467371 0.93696525356512717 0.9127547818812155 0.89777288662027377 0.92109000814918518 0.93864712378606707 0.85963863211651326 0.83403727563348196 0.90697891978365441 0.96049665452457511
0.93675618009567307 0.85290133155036851 0.84376578876788055 0.89228757912951195 0.93398507274586717 0.97706090491868369 0.99162319339222182 0.92335753758000372 0.9089860639325662 0.94873161906512549 0.92371652397280513 0.88907287021439996 0.92908832045220213 1.0026800849535682 0.97676759523185175
0.87892565532334543 0.82485134643086988 0.80443595007565893 0.76971319170323993 0.73983387141912393 0.79434475359591339 0.85571185083356682 0.8607246930822624 0.82721300580322077 0.82954778905587601 0.86058936943087294 0.81636621816675625 0.79270945798410408 0.8911936517998269 0.92315812338290937
0.90956255631191874 0.89179954969847397 0.86217300273962516 0.83457278042929628 0.8375111331967946 0.88094374089473271 0.90578034756234693 0.92484595610180398 0.9219811601140665 0.84968282547736862 0.81339139485435896 0.86199267101155008 0.90798033858159799 0.93550416248615254 0.9499006212430644
0.87302582254131211 0.87029630156685267 0.88637314706079118 0.90870195509803242 0.85794551119179197 0.79380281495250427 0.80365871668397237 0.84970624415430795 0.87268180992885502 0.86472102528614114 0.84137487445086256 0.83902493079366736 0.85897491318511598 0.85812358662288368 0.83377046871723359
0.91394228302681446 0.87756024520841902 0.87420746553274897 0.88818468702296005 0.8878979538803583 0.85730843081386887 0.86216345605188527 0.85080469283081517 0.81782183239388606 0.84149572466446798 0.85696134699218085 0.86717401521289472 0.88207555655356873 0.86194580629611817 0.82250523784729146
0.90803297774659719 0.86887259312608012 0.81679882213565613 0.8179948340829758 0.81284381146985718 0.788804548437819 0.73713237136368104 0.71539844179754708 0.76172874937190393 0.79271655966937493 0.81021086758450456 0.82830891718195376 0.81479876123981188 0.79475453711458088 0.82890293769297241
1.0384447334335649 1.0543760495128416 1.0046251749738992 0.93343349507763229 0.89368693753956086 0.90168434107883866 0.9429146847378187 0.94111265030372981 0.92878736633813941 0.99625282159202855 1.0249012455245601 0.97423656122564262 0.9625343471544302 0.97558465682091589 0.96183844500405336
0.87616137895464874 0.8665900682383203 0.90730922040386186 0.95031555533318646 0.98736869798696525 1.0048579844420338 0.93713671793930653 0.84822930807497943 0.85331599248451417 0.91088003405151918 0.94203160812313014 0.9703879184359907 0.96698572084204604 0.92004250951117417 0.9149395480332243
0.91904567486902822 0.91418412748167621 0.95286395819022907 0.98747351900340463 1.0070538365146762 0.99597042134232006 0.91120637126539061 0.86046939163062919 0.90455473548592236 0.92794229241655024 0.90666569892133353 0.92689010972642261 0.94816197793699708 0.97276796938439125 0.98432072883950716
0.78625115177807015 0.7914554456474937 0.87106697132855881 0.91077420484226823 0.8573602638950073 0.78358483310964067 0.76190280377232744 0.81180903187563569 0.85252432128819988 0.86056886603766558 0.87328784597775888 0.85123365585789112 0.79497949257740375 0.81764483524275444 0.84529512860476674
0.90279303695205859 0.86760917863362585 0.87609580243572194 0.90743559176564925 0.91611326969341411 0.92977188177445447 0.90096266857148943 0.84860200983135137 0.82362429410839144 0.84059244310437131 0.89469303820724477 0.93968728118926337 0.94214892078908063 0.93352273316992296 0.90635297386378888
0.91149110612568929 0.9161041676202567 0.94066771460938559 0.94638039399476515 0.91926908225008852 0.93250861607291791 0.97279794494715088 0.91747360560674984 0.85051574384270368 0.88774335324885933 0.92946892736182141 0.89117211809236496 0.8426811365763297 0.841919589102604 0.87240930434300301
0.79452238026940858 0.85640833052503929 0.89785964898235937 0.89666929524225358 0.86774053732590073 0.83152379773859975 0.8064107229073143 0.75568761375223081 0.76560789364826165 0.86501792070043948 0.89850409370303463 0.86656582437544505 0.83098017734926444 0.78304395169888685 0.75044521882346593
0.78776057562523871 0.79694110798777362 0.81288705158004793 0.84457305436645014 0.89239461276481447 0.90742770947539597 0.92203162899914481 0.95179187741440163 0.94233779999321898 0.92456860999743107 0.91116333161433971 0.87647056930808254 0.83090133432851598 0.80667163682086318 0.79982352003772739
0.78906782620888882 0.80424441304300254 0.87570208857268061 0.88976815100044493 0.81724716008183618 0.80450405649925327 0.81806801262739837 0.80118606249106228 0.85901831227689218 0.91643458714670734 0.89589944157539769 0.88837095190793947 0.87844459888987603 0.79946003338315352 0.72391352282951726
0.78827547304620516 0.82483924438377654 0.85768944276935999 0.86101194017524274 0.87549822458620596 0.90681648901876355 0.88808536078804012 0.82196359507937278 0.80900181680990535 0.83941369625527262 0.81587779456514831 0.79155481835435881 0.77303385520340795 0.75790649346017269 0.80074616006202726
0.82673597710184443 0.83918066271491998 0.8304328245611664 0.82480165528320049 0.84602348075075584 0.83310017044102147 0.80277067140911329 0.84210955132065468 0.92307280316172624 0.96146873931705867 0.94892698083175919 0.8984869611362496 0.85690899802718012 0.85636168430326876 0.87736754435459874
0.89524818924488447 0.86240772141308231 0.8349243543598579 0.84105974198804057 0.86044975430472415 0.85926132824813761 0.81089389633852749 0.80159873517896374 0.83739993320207107 0.814718112399337 0.78698667711510917 0.79341880793058639 0.80266818377059124 0.83627595208706795 0.84432102491971461
0.77562275987608897 0.73648903695290646 0.72779727590046828 0.77810650087000277 0.79679944255246138 0.81042672090404744 0.77336077841032869 0.72964798157585076 0.79115201492294684 0.82380684854394604 0.78189961491223203 0.7501773074060395 0.72673971168936002 0.70881056962156264 0.71048271226563842
0.81188057616356779 0.79087866427961084 0.82938262661428608 0.88043935644829463 0.94358662446598118 0.96468550376744189 0.88749684727218203 0.8242302227287116 0.84098271087809828 0.89303773928991825 0.9245277803233849 0.90231360669383553 0.92497155904670647 0.96765225109092767 0.90806831301708479
0.84817542225726772 0.84427470971225527 0.86089916641125119 0.92664057480864725 0.95702068560939058 0.86185452073010704 0.81343214871912783 0.89772206276052047 0.91396103350912694 0.92181984583432131 0.97570524392305535 0.95080134732190635 0.90667327078703053 0.93147643386146795 0.94364445652681361
0.79371041605547776 0.86403845487899478 0.91981024191540195 0.91352140046198893 0.88041543526457644 0.84728583600418661 0.82922047145755096 0.87065214752978981 0.91324211095396712 0.86480796966280271 0.79680292292091259 0.78437006920487884 0.77432998881123449 0.79559658747101825 0.84996619632414483
0.82684984934282424 0.87787573584781864 0.91355491016404322 0.91651669403953595 0.87572716218841373 0.8137960359890728 0.77817486303918282 0.77614570636798608 0.79547918344290391 0.84721700903054831 0.86170529930932338 0.81221442896675289 0.77406011247592887 0.78370537745051649 0.82925035482628118
0.87061573296112449 0.87723434140743306 0.83009153041409578 0.77544263659506896 0.80138911361651444 0.84121780099625554 0.85577921487778985 0.88236831439442742 0.86513395053800402 0.82753292400021283 0.8576221815423487 0.87241178607650205 0.84757886191608944 0.84714434725307619 0.85822302900798031
0.87610907678371219 0.8578094474749387 0.86947454270312319 0.84932594996209687 0.85378810950966477 0.93924731551217644 0.95856407430870294 0.90889613649080747 0.87167376141035935 0.84859175012437404 0.81365748738891519 0.78343753505208336 0.78966681624663948 0.83917471748407491 0.85485854700121811
0.8288522773108189 0.81855203267172671 0.78613928905331754 0.7775333892281433 0.81232723492040171 0.84445168966980821 0.87217173414992588 0.86076075743041114 0.82851989208181842 0.79724035800084514 0.75474441480575483 0.76955587517715163 0.80957033701376357 0.81174523957959266 0.77521859920397962
0.89134252625614763 0.93495832692306691 0.94711263908528387 0.92601345532759438 0.89895947619612437 0.85291650411262854 0.79085606808566578 0.80474314994474383 0.88830073023770895 0.93858866365699622 0.91929673901782838 0.85862233414198952 0.86941964301847763 0.88707983689428938 0.88811669199159293
0.80692430476268817 0.85806542537358321 0.87310991206100463 0.88839146413563386 0.89838506359506221 0.87541299098800385 0.8474121860536914 0.83560283492621834 0.80502121338471111 0.79587478155756486 0.87208125175066864 0.92149814705379873 0.86428009341497447 0.78459548662029366 0.80520577705120822
0.8446229852294399 0.87561593438765473 0.88017744861917069 0.86982374422494346 0.90786567086766123 0.92794529116020052 0.90454046894408235 0.86157180995262961 0.8410461545623249 0.88501157674390951 0.94440590246560296 0.94645939517268018 0.91042599172671301 0.82700056949323031 0.77208600713216646
0.94500837964213069 0.93675977231158458 0.97712319283137794 0.99288041373152691 0.9642196686575506 0.94003037476885909 0.91091754776284872 0.91049450061716219 0.93809323893231722 0.94521211517336123 0.9400372773551815 0.95668788202429844 1.0078385328945507 1.0268559965009851 0.99159915316579317
0.88155614671615368 0.93751318555720564 0.96750570155162907 0.9868824250205771 1.0027267201856203 1.0048354700497164 0.96757260572626835 0.91096113885323327 0.88951304248177487 0.88157084509196981 0.87917934721783453 0.89781346978670429 0.93537833927895653 0.93208989169501277 0.92716606049650074
0.94055461247132643 0.99862581070741907 1.0360948827698742 1.028075725513885 0.9810307425153908 0.9048013836560993 0.86503174263358706 0.92530687793009381 1.0038139504826742 1.011589188921149 0.97468761024411721 0.95630700377561006 0.97100930078100101 0.96050765042978958 0.94539955011376087
0.85408618202547093 0.87145145377142641 0.89394813451940969 0.96318037232780529 0.93592247787869676 0.85375992905700993 0.81032520930542196 0.84529538147434868 0.88069646021210835 0.8817719705871695 0.91665541356097269 0.9244268389698268 0.84576105018091519 0.79166204385389805 0.83135043830215039
0.8167047727636626 0.85840544911290984 0.90996069286794778 0.92246429816177955 0.92041892462792063 0.89302494973346547 0.86479204708030633 0.85873719725323239 0.92677558183497744 1.0210939297792552 1.0047587678261918 0.95263547708594865 0.93906026608145099 0.91437482130000225 0.8890283656464929
0.74759472707993524 0.76893065718572862 0.82604212745103056 0.85739797609836454 0.82994377040571299 0.80287557134454013 0.84714593121858439 0.90083163015891388 0.85749250391732346 0.78453318281742468 0.80719300987312326 0.8274674860087976 0.7773031460096842 0.75941260001448252 0.76635813510634898
0.84206854731482006 0.84487915820156456 0.85098350160627045 0.82796500177023136 0.76902325038096375 0.76123441708314699 0.79252200980517973 0.80506313788644812 0.78362710159692872 0.76547585132562423 0.78147816767078415 0.77838840623583128 0.75828848549013428 0.78042024171274971 0.8197019873281346
0.83542263358455937 0.77440030919808056 0.7740507972460815 0.80644884111577519 0.85692894202820769 0.88469888599405455 0.86553287362874931 0.80287946591147086 0.79118663465059835 0.88297386066068539 0.95170785121426649 0.9507631598051709 0.93472290507979405 0.88379521752113366 0.83097773183160084
0.84145038063883271 0.86140146827945885 0.95957500975294974 1.0297337645104299 1.033544598958549 0.99170000717593443 0.91423917668764976 0.82662956739093052 0.8084450664344125 0.81582293610236811 0.83929641471076144 0.92211844647968244 0.96497006389524198 0.9487083150185186 0.92896572643995823
0.77807443270901644 0.77867867723586726 0.85100647249521388 0.90492919058380461 0.86173732825620464 0.81183358600299482 0.80451709825623507 0.80008686164789533 0.80424712724092851 0.85071657700609737 0.86986493159494627 0.82125944153573016 0.81014042556359955 0.81892552218220205 0.80743289589101663
0.87448239595385979 0.9037746052001504 0.91461912351344854 0.89895833539267533 0.8752341957410229 0.88444624663294313 0.93316963364390715 0.97320847213011885 0.95417856970139614 0.91015281347948784 0.90348484149651032 0.90561530692119485 0.90450808197538746 0.9093929191964456 0.89457029989809544
0.84870040826772886 0.8657472095128419 0.83835435161166338 0.84533553707433606 0.87206795064776721 0.84624413670253118 0.77782328790039013 0.77521633962726322 0.84804619471217169 0.87046081576055612 0.82747607066740836 0.80130082335831099 0.77316879434881347 0.77113898419759308 0.82240179157525439
0.84392704079958858 0.87198407130051636 0.92125861451095503 0.95274328946206832 0.96183469564164326 0.93933753691591526 0.91233063809331649 0.84195939851132673 0.79570135095334116 0.82815541009135929 0.87660100877941283 0.91175312747979054 0.92298979825233618 0.88183649274152764 0.83501925460748039
0.91078527145787536 0.9267331241259954 0.86693487365562039 0.79973698471136823 0.80616106259608666 0.85928051363424029 0.87372542811586296 0.86214562652825655 0.93034103870238438 0.98250138217226091 0.91217168822436734 0.86485703291267091 0.87642217354368412 0.88053314009929484 0.90005398903403333
0.91846799160795611 0.8833684125773027 0.88274732507778375 0.88354417752009284 0.84454614856747545 0.78073796073479829 0.77275233906927099 0.86121077947444724 0.9488303559430733 0.96160223839091419 0.88082235619908933 0.83706491663548355 0.90710248598249354 0.89226704213088182 0.8153566565420115
0.8219457699494116 0.78845983235803696 0.7657201932510892 0.76977973887934525 0.8024758245390059 0.84381446924399572 0.8618789244673648 0.83182328361195823 0.76694307102279935 0.73111847131672758 0.73240806856671736 0.75805472388591322 0.79909642486606336 0.81554240073273365 0.82910182555802792
0.90387085764763864 0.82407403810318969 0.81577949743876454 0.8663923761423763 0.9332188630404894 0.99004002504765842 1.0100509775665865 0.97419606472649356 0.91294861613786515 0.8825407047547007 0.90466450777506713 0.93000158699591218 0.94523692943015558 0.95295688607511153 0.89812062874772336
0.97515868187373544 0.94409044302794976 0.96544467964411684 0.99730929955436098 0.95458006412306495 0.93084763192017184 0.98465866012250969 0.97720857128145777 0.91982377043775865 0.90181835385857945 0.90179656501837546 0.91745822330249305 0.96941998747555147 1.0173585862012005 0.95839909551569968
0.80463547559000459 0.83116372923813187 0.82302263840020717 0.85330353975286732 0.88697773797991719 0.83394651274208553 0.82614583295809907 0.86519780138077895 0.85002622618395851 0.85697204514198211 0.88497029737969479 0.87799836805365983 0.8701641988162081 0.87571262504482283 0.88907129696842413
0.87508367274482968 0.87809621226439083 0.91414936369999866 0.91399927098206335 0.87030525907133371 0.88633045452540782 0.89523602133417046 0.87118028016950833 0.85202610945224366 0.83727463936724789 0.87447729275195873 0.90296880085820586 0.86504951207869507 0.86520390908122635 0.90191725098428832
0.81935926311994545 0.83363307149023358 0.90938721063077455 0.99819633485983661 0.97712196667555196 0.87955991357396646 0.80829974219009215 0.80146868064091925 0.83522316576346589 0.85488804218511716 0.88341281722082865 0.90071239452160501 0.89484792708282257 0.91258677911872355 0.91486861389110785
0.90975757866535967 0.94781659084818848 0.95818791555769933 0.95771823840864934 0.94246955177625513 0.92585628979371171 0.87871045003207404 0.82520617429206256 0.83737352984334024 0.91828075213070603 0.96101281229676361 0.90735001028786166 0.86186324609447795 0.88922212694725355 0.93653847890466668
0.76997371931202496 0.78025942813624583 0.84634499394311624 0.88290117561244996 0.90393568114444967 0.90090280860105076 0.87427828979340627 0.88757736088787897 0.88916931138048549 0.85869680308972274 0.83790600831992657 0.90096904341454997 0.95497801378705316 0.87567724229023913 0.83350692581714336
0.85835319431032331 0.83391034646179996 0.82609992768196849 0.86980041120302021 0.93545103412885444 0.93901857292574198 0.88546449273521233 0.81992892237949566 0.76783672128127278 0.76763767632257007 0.85232856178831473 0.93813558357105875 0.93126765785442633 0.8677992270439332 0.82907334521406717
0.86940657027090507 0.89422727751859277 0.92335204945642846 0.93347106855658768 0.90257940239706702 0.88740888486284264 0.92236738472673074 0.93219124899986328 0.90758249408624792 0.89160797041383355 0.87709764176265426 0.86624763696197782 0.88035168495164262 0.88698921092845218 0.87615591174781982
0.9092124006547736 0.86089122434080567 0.80150157845920722 0.78307766158716341 0.79012905185542759 0.81793055951315907 0.86786303257495589 0.90300636105879539 0.86946913822072702 0.8372017940125176 0.84210135781459694 0.85258031353038644 0.85848248251639592 0.87776755931104544 0.92488907617353355
0.85231274870479423 0.82354470005705538 0.82643279520760649 0.8078345984080012 0.78851114844760095 0.86076202707464677 0.9429339819564112 0.9158819119885121 0.83805491664362119 0.80207242746365615 0.81698483628806196 0.8275310440076955 0.83233009202202235 0.86152760412532681 0.86884451709632571
0.9131684840303198 0.87210437370226046 0.84973213409697479 0.86741099915480069 0.83497386365942894 0.79952752664735183 0.85729467100063961 0.93508904585174402 0.92212695085349905 0.84215964562352386 0.82015221333961086 0.8538989114510549 0.84287574659872411 0.82506261375873113 0.82629732422758495
0.83292864909214781 0.8086710578718086 0.80184607971164723 0.8349038309822775 0.82576585006746372 0.77694645657903005 0.79066098149129749 0.83815253496404163 0.8528822402418994 0.84001180839750222 0.8393792199871658 0.86315726939468829 0.86685748767065574 0.81518838990521014 0.77895637498144876
0.89002757964075452 0.90996509942529147 0.94506700356915774 0.96636483788514971 0.98061902776113952 0.94737047201963287 0.87702391868421559 0.86733002984482688 0.89215150658068265 0.91598870938997035 0.95289954585499059 0.98220183642830594 0.97045133283763452 0.93815448235437138 0.90262830525089799
0.79611851932998501 0.83897774072307263 0.90689551357258202 0.94351600492152521 0.9159893712335524 0.86804021621670568 0.86919913464348364 0.87390917389893008 0.85119772647879999 0.90546766101410625 0.9836703782220324 0.99456421662613559 0.93518908159618286 0.88609898235452211 0.88151972415047553
0.89793262330722645 0.94531346189348742 0.90926467547790824 0.83744843636970445 0.82952335205111316 0.84977725427340989 0.92327723661138261 1.0176123605690688 1.0214425083502265 0.95997885358451418 0.86762145492253473 0.82203044200239905 0.82299238205762792 0.83426578581981614 0.88501748239979239
0.78552306601030719 0.87374067144960454 0.91158434000022093 0.86610801189995967 0.80825445375247673 0.78434244680982457 0.80540131688781524 0.87717039527033136 0.94222220518494226 0.93956863251237688 0.86050106017437877 0.78208606920561996 0.74599357552725465 0.73216230586281073 0.75217716035740645
0.85699075259018043 0.87474947005221826 0.90137539532167044 0.91070057692668449 0.8751642470285077 0.8091826212311547 0.77160565571584205 0.76867359285707493 0.76441910068667229 0.817924034402429 0.89439046889234963 0.87976306342756028 0.81798535078507451 0.77561011568130034 0.75069095861788337
0.75711498579776626 0.80600625090928513 0.82929085334771802 0.78014685070525813 0.70039562980971815 0.67818842907066434 0.70181822705933672 0.71235237281318697 0.73031729804481194 0.8022399903971299 0.83505585341405064 0.78698396098579082 0.73022866854860036 0.70855926703649263 0.72920095081073999
0.8150434212501918 0.85826912122185306 0.88453772358895777 0.87715984180829221 0.90629871153740493 0.90560573136088229 0.86156749271701383 0.86854615211415076 0.86265499675601898 0.84503871226734906 0.84384309807152968 0.81945530880630291 0.76753480754057746 0.73260013718873951 0.75144606172749273
0.91484618916683258 0.91745131503938615 0.98128682712818127 0.93174796161464712 0.8765749307384143 0.8881249934492047 0.88097487550497178 0.87197206910500358 0.90280823323842663 0.92495767169436593 0.93488172287590532 0.95612874641558832 0.98383690259719347 0.93837072045754499 0.84432002252443894
0.8451040523413671 0.87605785258100666 0.87459144247032172 0.87125432129508296 0.9290550715096223 0.93158394791349119 0.90471526305020222 0.88793714708922411 0.83811798765474732 0.81725490684197499 0.83679190573969908 0.82327266096544338 0.81327355596686823 0.82493725733676948 0.80401037139926756
0.88373333154882772 0.92768575897627181 0.95957341338433022 0.9554561205184452 0.94390114879316889 0.90676372612214851 0.86680812873249491 0.85815181799945039 0.89638266924265442 0.91199363841909464 0.89102891336303625 0.87105314607171813 0.87198987913225767 0.88720729771828444 0.88484412371185417
0.86668343809545456 0.88302369602320407 0.91475507806377976 0.93411376656773126 0.92928939020444656 0.90250709106546045 0.88192107702902756 0.88028072140224567 0.90568116435314139 0.90068720525104806 0.84335642366894525 0.81730772287039299 0.83488066962069196 0.89305504264469948 0.89517135454102092
0.80467127326203902 0.7820754634749244 0.7823089483773501 0.82474741134220853 0.84658166194311046 0.81474389478148457 0.77179967848508602 0.80959913924601901 0.86972920907128037 0.87481191443706785 0.88880078997271172 0.89998047081754418 0.88549969421925789 0.87445070874076325 0.85876478825513602
0.90155232657327655 0.9366237176630271 0.95957749335998388 0.96521798031580619 0.93264177811109183 0.87635159577930732 0.84544324340689303 0.84046491007273638 0.8607197957600673 0.89198494360600378 0.89558663526251436 0.89497168556756157 0.88988452561011855 0.88266332140555415 0.90746339455174163
0.90773170108840173 0.89367187515795576 0.92959134083475947 0.91430911422788486 0.895462864484451 0.89601001653316203 0.85141903064541868 0.81295955500853612 0.81774594557196867 0.84264158171706882 0.87786269248924709 0.90275173528668862 0.92038314046522174 0.93560930787583474 0.89940423917339807
0.87467404136111493 0.91711130895219828 0.94340540524733763 0.92278213871513826 0.94828491230917056 0.98858684265370611 0.93502732654915199 0.90977995987987137 0.91660585633878799 0.90891921002585363 0.93597249251038017 0.92773295450299287 0.85536004842213498 0.82552690101362436 0.8546297215640869
0.88136846220176868 0.83346406939362383 0.78866973052761569 0.78437240874159686 0.79679727165487269 0.81535314222272637 0.8662148285962239 0.89710839445610124 0.88846644017326104 0.82703591267303211 0.76334054704234522 0.73295968579394699 0.76783962829554364 0.84614197193179608 0.88986986474393015
0.862148746449936 0.885383002479745 0.92742817080684814 0.88622203759158613 0.82360203104538465 0.84408812704947445 0.8998979530120137 0.89745754232412367 0.87792584678144803 0.86255710743526348 0.8555507196781218 0.86111572399273217 0.82541869822162617 0.82642424677348958 0.85443112820774103
0.81066851347318469 0.77967196533650074 0.78292515381692829 0.85527468870771273 0.9053206354549479 0.85053668370902835 0.76911957644499829 0.79791678169650249 0.85844363591024564 0.84758218431636145 0.8467617615228199 0.87207109282728401 0.86098845546156244 0.80988675381376307 0.79784374576024808
0.82746668879591423 0.81557184825480866 0.83979730325281499 0.8803439126032212 0.87698173772673782 0.83658450269450169 0.83722383721787752 0.87005683668363754 0.83783675637491384 0.75550664003734547 0.72153722174088875 0.75298699649079226 0.76846594435716009 0.74141329698810621 0.75882735763129427
0.86832085344790422 0.80599874634857449 0.82581605346901921 0.87831275717185908 0.84632582556273894 0.84518779761118934 0.92321326143594018 0.9516602764197758 0.91344181482888231 0.8488461950724363 0.81234443822813773 0.82984861370486085 0.85732795086104818 0.88498985186449275 0.86744454299241025
0.83017831456482827 0.84797197786638578 0.88681886268119869 0.92824190523550287 0.91914832020541959 0.9080305909385249 0.90376411657274003 0.85671790912435286 0.81474474190140367 0.82934785602035965 0.88831678503244327 0.93992376064246952 0.89409843488487162 0.7815119383511534 0.74579507648694776
0.86704176608195849 0.8466111377483645 0.84711961451672824 0.83581904014069963 0.8276420492024541 0.86732271656722215 0.92104830635965673 0.9277186295747335 0.8635734085497202 0.79333917858197034 0.78252059679060837 0.8449036260445596 0.95579083255029984 0.97085449584179051 0.90887878303766323
0.86521921436123006 0.93271473683994199 0.93654812992342795 0.89337368979450982 0.87149069463854534 0.85406345403420725 0.86000644661870063 0.88766061742561209 0.89078156627560956 0.90437069162728867 0.88627702606154635 0.85117841338513978 0.88332966204213559 0.87790829006888871 0.86888844726305436
0.86490916741128643 0.88039307114767063 0.88158369228315081 0.86799077241935074 0.86421462100945778 0.85171997695234036 0.86974348037442539 0.88844332757219235 0.85024015677520293 0.82075565542705742 0.8386304925957816 0.89880758236051672 0.91349788566527046 0.86473400153372171 0.86427760303342527
0.8980732963486654 0.93196215665405324 0.90858367269765028 0.85411697592006963 0.8146572742358601 0.84053318668057242 0.87147162986028504 0.87278049138044611 0.86951884366481824 0.86639425905749434 0.90508695263511596 0.9187105042484669 0.83885624921988999 0.81197153188449456 0.91599851920392861
0.83737613388309196 0.88494179365680425 0.86687031488821131 0.81576813817436944 0.80596502646688617 0.81651141311766018 0.85547413861561561 0.8898245948252903 0.87416160137214471 0.88047827434463877 0.90407142212094638 0.85760024954632097 0.80754068006636581 0.83462837174524329 0.86414624882876123
0.96872325980355256 0.93562601220635488 0.88519186521812898 0.88630611858157549 0.9351176573954173 0.98251622773049418 0.97873737683326911 0.93597296292406917 0.91427906208646381 0.93410864251753301 0.95808769183417775 0.90992076657207377 0.88251823977552279 0.92651014404673915 0.93411053537450861
0.85898390112084566 0.85404298832645964 0.85090639344798424 0.83085719045664563 0.83410252138474195 0.86136458516006997 0.86549974677259656 0.87475716494545308 0.9007601596010969 0.89331248337038693 0.91003021992649968 0.94131262663731075 0.92136676691232444 0.88799457669605353 0.89280098479915782
0.82323693840903633 0.82967916599867464 0.80105468591330364 0.78185231118366549 0.83913440054876698 0.90339498522089268 0.90933183944678131 0.92224871291129529 0.9440218951324103 0.9031019494955993 0.82290999508647134 0.76332404674144105 0.75755856395307564 0.7991280986268201 0.83484947530413034
0.74054315096543366 0.77547055009674859 0.7893324321424926 0.80308126626399023 0.84772872214745099 0.82757652988694874 0.77876885612312541 0.77093266307099051 0.77670871221192883 0.78363855370798741 0.77491982697423412 0.7888133053174099 0.79385120810822485 0.75974136513838075 0.72880261866902996
0.83710603417644103 0.84771430701862216 0.84732058290172685 0.85619068512408925 0.89740874566166173 0.87736035832325476 0.80027207462282934 0.7800914813858526 0.83421087975871733 0.86523643236947501 0.89025396231615217 0.95254905579448035 0.97385831345665963 0.91211424225863369 0.85102088494666395
1.0200653498138541 1.0136876004717519 0.93774652477133769 0.89821170910133108 0.90534972602635078 0.91448734018426625 0.93003935501451152 0.91185037076411679 0.87169974320787147 0.88218580269053015 0.92732473529890724 0.93792721438005744 0.95873761980293049 1.0013903471715406 0.99356314874412355
0.92006341768015676 0.98655899675332537 0.96219338315771541 0.86111286892106709 0.82167326546937125 0.80907476172870574 0.78741522945063147 0.82099612959935364 0.89356982775312621 0.93157132061235759 0.91305410762150574 0.87429001599951162 0.82813362025810677 0.78623741964997795 0.8010174883755633
0.88596809274016874 0.91906560033744367 0.99493350646136736 1.0168619906003806 1.0098044087550104 0.99208483987944107 0.97070211433062026 0.91962022608285388 0.88092577808300354 0.91994030486435574 0.94981507665587206 0.89873669653483246 0.85270956966463685 0.86031512164729884 0.87816020530475591
0.86937446862253465 0.89043411704021136 0.87090992326685057 0.87020205546531737 0.91250381753254406 0.93224213181929183 0.90382201952731933 0.89923845941233871 0.89630811680909594 0.87308036543870127 0.89053589738942251 0.9097734671027865 0.89748461644814903 0.87319046018212332 0.86920152682685747
0.78549216462226989 0.81294340499138218 0.8641741874756742 0.91688130739573304 0.9336515606348863 0.91114311017372951 0.87436777738053573 0.86462161485560252 0.87466853352371432 0.86117468587951296 0.85873203945262944 0.87297802433860228 0.87566210089991148 0.84857522457375856 0.80977336317756388
0.87241568348538823 0.8805653915696009 0.88687821435434544 0.84806295435420931 0.82865695836132858 0.86865242415707378 0.88335020230602534 0.88163164428369345 0.89638583927244209 0.88791245549368869 0.83318289024143233 0.8253613762567793 0.90652444964355638 0.94678801577451321 0.90715966552866278
0.87034634065587424 0.81639113346812331 0.81876619752178037 0.88029929850140631 0.95890755227608948 0.94851315985199158 0.88016472667708046 0.85820964871665861 0.87230838148510181 0.90270654375558501 0.9397481537284339 0.96542756410179698 0.97878282186384613 0.97858660247696316 0.94768177169591139
0.89732120344671551 0.81017204170616197 0.79552954205938287 0.82681236159611626 0.86592095931953628 0.87695187662165242 0.86745932699266715 0.86240023034613078 0.86904512246398635 0.89459784030542044 0.9026739214411027 0.88465080594214918 0.91007406359390453 0.97937624303595472 0.98153251634516525
0.83487646156479167 0.83317139927036654 0.88844074411154539 0.92504037085466628 0.92449851773749203 0.90608019357728053 0.88234600985632694 0.85859012054780293 0.86780369350871045 0.88336189922469066 0.87921455313739516 0.91038757004020909 0.95335080224034152 0.92399899490559856 0.84616424873364304
0.83568527091827816 0.81992483001986083 0.82269223409702608 0.84661932476583313 0.91737233280940644 0.97382718313340833 0.91785009894397618 0.83449085695480341 0.81803453270438109 0.84383820831477319 0.86530990196908852 0.88587404281456905 0.87812205822453449 0.8384503560989699 0.81646345892028072
0.92680475209827973 0.86440289148490301 0.86260429869446931 0.87404151185740186 0.8456406320608445 0.85327778110761732 0.90962910243144612 0.8876606120009386 0.7727722675105605 0.74215736747840177 0.83167196015876632 0.91073498842477163 0.94627565173494843 0.93969626890859448 0.89752993082882904
1.0034755879011803 0.95021086044289871 0.95170780470246297 0.99429505353340009 1.0195556453281931 1.0315514432209847 1.0148738076353621 0.93162592363905594 0.86841423015709218 0.92156190308887154 0.96842421238627718 0.93853520096682308 0.96889745232128677 1.0407419013361803 1.0102371467561466
0.89688768465267743 0.92794338414580013 0.89476974344773053 0.85014129237866343 0.85394462489601353 0.87336731280994517 0.83298927717710125 0.79020315114012873 0.85624483707839982 0.96858047219890742 0.97892079221171291 0.93158008761899103 0.90304300751578048 0.87208865733270546 0.90587788219214394
0.75505035302325241 0.76919696494213807 0.83669685655318782 0.9070062551554946 0.93098519963778092 0.91155027334650018 0.84810027466084248 0.78711800293493039 0.78892380423819686 0.82891310514939509 0.893749653016367 0.94901213261585171 0.94070130912994077 0.88601364882755551 0.85592738815683533
0.89310135537951552 0.88409775015832726 0.8651698226153578 0.90084469194469607 0.92466395020745151 0.89895895071355392 0.86792596341128003 0.84063920900372202 0.83434174533155991 0.85671193428156989 0.87915289142519915 0.87930060761153761 0.86009109306156939 0.83445420076429788 0.83649043884742413
0.81797583955618081 0.82956581825172115 0.84966286708741778 0.83933239714865748 0.8431178289085185 0.83667561728688589 0.82322053318218513 0.81462039063369029 0.75504319159793087 0.71324317051735409 0.75891767203247518 0.83160603367231645 0.85467251778449782 0.80858436541479817 0.75209957376540759
0.93805311876399422 0.95560297685979934 0.90130072813562623 0.87405917544785905 0.88381641649539111 0.85356887903788048 0.80947848332941996 0.842686454436962 0.88239753538982013 0.83943332570732831 0.79645201161923718 0.80568867681277789 0.80330932618336626 0.81780564992166049 0.88732951422091622
1.0133204776110478 0.96194779038301137 0.91405707662789581 0.90208483923387239 0.88296222511537614 0.86562642890709318 0.8345329379788462 0.83060441004605745 0.86440160115942144 0.92351504103486304 0.97805057357732894 0.96484186901720725 0.91678830807477174 0.90538076746104801 0.911185410155394
0.92917044335705723 0.96068202871851305 0.97373219386815768 0.9434516751979789 0.90398654125103206 0.87456541164846158 0.9184106544855235 0.97896608418947983 0.95496168558860384 0.90234735303680591 0.91580001254991539 0.94716009590277772 0.93955207370020311 0.94070111559216618 0.93274308928028871
0.78758913504241668 0.78508682218914227 0.81917757893218923 0.84356534286683615 0.8309855938453673 0.85165566972991147 0.85004454693005937 0.76728733644388458 0.75430942613388363 0.77385567825117985 0.77323168755916283 0.81158853607217452 0.85952756740048175 0.85414192038771453 0.82443293017951613
0.87591677554830616 0.90453820239002081 0.9062369136033368 0.85201023242585894 0.76353518776201235 0.69805649072899367 0.72420361053243165 0.82320380346422695 0.84919090795809371 0.86220107277984881 0.89625759311909381 0.84091079651256162 0.76576404628112116 0.78693903811567867 0.83138054022949781
0.89163411078935029 0.86313254650793769 0.78967277234452549 0.74241974984603465 0.74654551785074241 0.80530804448823801 0.87123206902168215 0.88660892012255521 0.82123258375338337 0.77339168319920815 0.81353204900192999 0.8622129387472558 0.88223884967638067 0.89717380887955611 0.92784462201241946
0.79034368553284351 0.74968937553452286 0.81146971274634483 0.8660118142277633 0.84419786439952538 0.80351280358935506 0.81532424836042872 0.83874575702373144 0.81499691712515854 0.81878311612910648 0.84103903629416477 0.84967753559891834 0.85579794571532608 0.84379227588855599 0.83184573469057332
0.92146295300879311 0.93921756753628993 0.88229266203727985 0.82618654972646199 0.81769858150461416 0.87430042474918779 0.93852002794710343 0.90862550914179552 0.84746939999381332 0.8408648499085718 0.8286664993903291 0.8217078870118506 0.85627045032520388 0.86382063412657284 0.85651690106054224
0.77741398512630289 0.75868818944206939 0.82255771002082001 0.9007668289112325 0.92280800923095285 0.95047679630137127 0.9487620124481887 0.93167453052356219 0.91534161779557932 0.85142725410763087 0.81439225527009673 0.84757512151818282 0.90084980468479714 0.89905652150114002 0.8226094726651465
0.82774001792611118 0.80747666190303025 0.80019795106778646 0.83557815518767742 0.83975189032343533 0.81351475634647741 0.83646099996645695 0.87883640455929957 0.91989773060239999 0.91981519897512221 0.87203583763711234 0.83813608879899026 0.83341019462730204 0.86243799314517322 0.86682461742598216
0.87044219301284098 0.85725598314023277 0.85852076043792658 0.88616931245437802 0.90385462949492712 0.88028687924539917 0.7952411141048138 0.71168305563218137 0.73787014250635563 0.80912491238341011 0.82279339650552119 0.82055563465158732 0.83682889405559324 0.84437413727072141 0.83531680249662765
0.81359342566098991 0.87571360189281755 0.94196080064099463 0.97312491489175057 0.90279710172619609 0.83081325436101627 0.85609372439509379 0.91417819284108925 0.9475272640697241 0.95205073466787793 0.92674823407415585 0.9344099965417787 0.92450070144308605 0.84486381774592723 0.8474176049759462
0.99615753375962368 0.94919793245956219 0.92839129517748231 0.94636142551596192 0.98520641364782935 0.98733257343366709 0.94943248858044205 0.94956919367397108 0.98727021830983597 0.96025533108275385 0.95543137882950369 1.0432975822799613 1.0691298618488438 1.0060809536632349 0.97763614445831726
0.83402973460211582 0.81430871954049866 0.85888283468959392 0.88890321315908216 0.93187960085900989 1.0046848980181065 0.96615440926264795 0.87501420450444733 0.86978633666657024 0.88534479852317727 0.8759937125541184 0.86944015235478966 0.86772363026839361 0.85683585541741358 0.86294764313755956
0.78444586095536084 0.77709007384265494 0.77570052870270623 0.78206365078536288 0.79242292606276099 0.81714622115072588 0.82488671884557585 0.83719188060994287 0.85818303044407607 0.8451756318221777 0.81178073448443611 0.80728379560375874 0.83321813951599943 0.85844720750730563 0.84962713480020324
1.0057891507368015 0.91226619859129499 0.86092544974961238 0.87887117731181419 0.87802583242692611 0.84882689287693303 0.83443974512925134 0.82436141257571893 0.82957664166319967 0.8805348242718285 0.90144918630144899 0.88316730105863284 0.91474969120192051 1.0047157103112088 1.016134401259728
0.85277816203275036 0.81138399157343932 0.79179032386245585 0.84603001455050808 0.88224258671359257 0.85403295993708794 0.88472070650069179 0.96417919596436374 0.94458172271575713 0.88084789274012432 0.87711197375663674 0.86997124131445713 0.83151491336863004 0.83932458894653683 0.86195891083366705
0.85799078394809436 0.92007258994637653 0.93185286027466907 0.8979217831307803 0.90641678145198545 0.87915234654694374 0.81735084884987008 0.8342117752812811 0.90312462115471104 0.93955530568332613 0.93152352754415324 0.9031825782951014 0.87269909783580224 0.81452839434880042 0.79597203647087367
0.83509399264799122 0.83695767552549216 0.89834792612533076 0.92908377453233315 0.86992159287178739 0.80032797839762015 0.81265011107474971 0.86911534891767728 0.86123499782460855 0.82524571135134128 0.82963081077585321 0.84361328853731243 0.86761539422491452 0.85856235754405219 0.79096543749695702
0.75496618391829295 0.78289456191437279 0.80276692098769276 0.82922023863243488 0.85870164096908141 0.86706290511750728 0.83600058635104657 0.79453469059253912 0.81899704751961244 0.84696365914873617 0.81615658137589087 0.82995682738280363 0.8259741191608716 0.76952047960382297 0.75928996144857541
0.92120986972464169 0.87768446921737187 0.88773933118826154 0.96732892963171335 0.9513757939669274 0.91346627854385831 0.9081636270096709 0.94363033767723925 0.94760028592115164 0.89732192752447126 0.9130901651010308 0.93636205483917123 0.90602081176305438 0.87886543343445123 0.90410818865950071
0.85848928827683646 0.88843430623351438 0.96073815288556119 0.99307345013662673 0.95506176472638271 0.88134399935232299 0.87929396178146724 0.9419743934267869 0.95271419352810183 0.93786480533210104 0.92539897220947709 0.93728812865164934 0.95333052621636605 0.92475655842247906 0.88629280946326983
0.8000527308619324 0.81359448534863921 0.83143308348212019 0.86040270403127039 0.89047004717580858 0.93377260074217505 0.92442974213552986 0.87753576990939064 0.88902455546599901 0.9201373886913421 0.89827894740639713 0.83185959688799427 0.81986701306381859 0.84703782586348531 0.86841470688099787
0.90122623610081176 0.91891931527615778 0.9145539912911721 0.83888989814444359 0.79873099498827094 0.80571718935704018 0.80323833630638264 0.79203836988500831 0.82121321403164671 0.91743969661458946 0.9176267805582482 0.83439771313123046 0.85484210491471313 0.86975754884044643 0.81958989840098351
0.81162203776573505 0.85672325901399293 0.82614772341497877 0.80042777714935798 0.80446805967107782 0.79281338604281981 0.79666574278845659 0.8244860571055328 0.84724691112652972 0.83065855421464729 0.79573669219990462 0.80042594996031813 0.80021055735671531 0.78710005017308848 0.85084789112841375
0.89391671697294373 0.88700579263353507 0.95391069331200251 0.99542134802314974 0.95641683746359973 0.912588597712508 0.95504565588304713 1.0155308139507142 0.99805416980272155 0.95863127653973257 0.93213395110209196 0.89141619752709633 0.88944105273963081 0.8980868818332769 0.87126542047890143
0.80551787376771045 0.86859630622999773 0.91992544679311461 0.89078844497201859 0.84940165553202007 0.85886554494903311 0.90542480305007578 0.9678659999704331 0.93842596632229502 0.85860746771547114 0.85615479554798024 0.86257084816048679 0.82688404537255678 0.829211901889787 0.82470103044266507
0.78880488912989477 0.80782471682796486 0.75902329328308615 0.73100474688827277 0.76004739898577767 0.77207349568698891 0.7905973082989507 0.84554161956934115 0.86798607296074803 0.87092671932476196 0.89757830471233147 0.90561389034542172 0.86094064805167236 0.79021728964343185 0.795194384780048
0.93297043011934233 0.92765940700500915 0.90228845436576499 0.90307160435190181 0.89644267296470947 0.8834062749756797 0.88106929379104704 0.8715890379034783 0.85733481540459622 0.87013521902096136 0.89781167414701712 0.91335247323141766 0.9033168859762557 0.91114940792459287 0.9177726557222784
0.93224007315051971 0.8804240629663882 0.88151058853205111 0.88638543352348287 0.88479616096913682 0.92495726719974769 0.9220209955167108 0.85869166403398944 0.8354752789771841 0.8688643211248962 0.90089509237857213 0.92265086477669411 0.96066034196568639 0.97486399336862761 0.94472253942622764
0.87159131321179473 0.89048618872759611 0.86771709877719261 0.81678811155946685 0.75590439361729289 0.71230903011542424 0.76902325815361827 0.8265278254648305 0.8051040678283079 0.82312979335330305 0.87108399508641943 0.87727654807658739 0.86441255866191302 0.8543006723139569 0.85245176295704084
0.8340973948356224 0.79128437120388861 0.7926325613433165 0.82434413397771011 0.83010077307050911 0.80734535019285891 0.80701852471863722 0.83736089489990284 0.86023439845025784 0.86025748622588805 0.87540598107140377 0.88488550155679468 0.82524869152245095 0.77863380489167799 0.79114724817079696
0.87722303733562879 0.8589077015198987 0.83166834710748705 0.83866290874463045 0.86342229782006152 0.88726433950898875 0.90311518605691965 0.86945062871684364 0.81928732080483357 0.84005292546668564 0.91864479776560648 0.92733177855627291 0.87265382874263075 0.83672206323471454 0.82583285928473316
0.93003243446838602 0.92228490050306255 0.89566027215188759 0.87543106852583608 0.86166682798042171 0.85115535774093953 0.84510794313314064 0.86441650492834543 0.92572602635123546 0.96328108616316088 0.92860396899145226 0.86752240727432139 0.83302841115464632 0.81578837353394917 0.80561232633112079
0.79993281992259291 0.81332505107698749 0.84511034443540445 0.84897379466313938 0.86586959135930219 0.90344985638613529 0.91499220236717738 0.88942676604672399 0.91913329612568151 0.94763963862152156 0.85463557879156815 0.7751195254917731 0.82963081361933566 0.90271213794058947 0.93778248535076802
0.79735011010533297 0.76959301053332407 0.76795856971666721 0.80799694132618427 0.86498414866244044 0.84886601244070592 0.79088463599066172 0.7805679334557859 0.79575707841667898 0.78103399222672021 0.74621874246391484 0.76506435832135145 0.84117436298320414 0.89010222389208826 0.86445771829876061
0.88860689167185447 0.89412904706727847 0.88959684446106035 0.88086807552468571 0.90786352801391668 0.90626604872493177 0.86406568387046934 0.86429869391650527 0.89807837668032153 0.88667451872326097 0.86865140275767672 0.91715696289561044 0.96103122412862318 0.93411132436929101 0.88166897988106063
0.87052867325922312 0.86013268984356828 0.88819426221948727 0.92381338533153479 0.92194534030319519 0.8796741929002263 0.86409036893326041 0.90391053336569571 0.93190621860404999 0.90171239841044071 0.87060187899457431 0.89554059020929799 0.92338781708076434 0.91629075838160134 0.9002289263774792
0.80865475823380706 0.84148658278883604 0.87611777960778892 0.91642815010522638 0.92966158368072838 0.89373376372138391 0.85307603386924691 0.85302691216198201 0.89052163573487875 0.92731029079521698 0.93250753736573755 0.90215436403763372 0.88164754589042182 0.86383558339328137 0.83468129665427393
0.87230032191335349 0.84405865919431289 0.87833457434004136 0.90867268916352195 0.89474368265465742 0.85405650518372322 0.8076659586059094 0.82286957629164315 0.88594170456941834 0.92221528997840985 0.93781622759218741 0.93705831334558876 0.91837308443804277 0.89953224551852418 0.89956555165745622
0.94433233064363709 0.99959147182051089 0.96289783928105643 0.91896159090911567 0.96961834063573105 0.98316013251809342 0.94968537884724125 0.98915595343146545 0.97157389482927825 0.91839547714970993 0.92013560500914715 0.87143637381115446 0.85491479272393944 0.88669910246659922 0.90680020288342311
0.90478134276471522 0.93373870723362595 0.9123553688953705 0.89513600091823298 0.88323824387912753 0.86404313320730353 0.81953725944833999 0.8234312508607069 0.89074499624485859 0.89851975509216153 0.86930865702224347 0.89095575489510359 0.902417588419547 0.87836555784417003 0.896223138585859
0.87464133117395049 0.87122109053613384 0.84329434164730921 0.82527467903429308 0.85121362685316371 0.84784644411722865 0.8115310994146604 0.82511275532971362 0.83365031817309099 0.78883326080716387 0.7947135283650999 0.83908095755611178 0.8800001509199773 0.91230080420070314 0.89200940044101706
0.98024487029840757 1.0316587956314682 1.0030633591800366 0.98631523952889433 1.0399335589300587 1.0577232492906024 1.0217696625776305 0.98337010342015285 0.97492160570910724 0.96903604739008664 0.93798268997746304 0.92798331251488264 0.97998880947910927 1.0486577098006882 1.0684689690680658
0.96947089701968581 0.95508726211143102 0.95585794973273319 0.97636552869810778 0.965981411120026 0.90307186584031152 0.83697390047426568 0.87028398935587226 0.92024526794687511 0.88334296744937579 0.83404554196227343 0.83013516952148347 0.83992970347611617 0.84912625808402897 0.88390586860608122
0.85674367280479846 0.8448349812978807 0.87171219090349517 0.87282099983539285 0.8241904387684863 0.80278451566492992 0.84268311104636318 0.86988699942295589 0.85799400772171397 0.84582247097333796 0.8438727134262185 0.84627071400182363 0.84177202216527158 0.83766590043296707 0.83913140855794122
0.84003378070708867 0.86661664411973716 0.90841520808809861 0.90163967226199981 0.87953069177464382 0.87025467682005564 0.83699441554335929 0.79398776217769651 0.81298626293173948 0.91701120091616695 0.97971090158220919 0.94942715055957427 0.91348061204885034 0.87031534173734915 0.80184062727578731
0.85245713528818057 0.84728723025151154 0.88551616537489053 0.90624883216959218 0.87937654413464106 0.83330165098886599 0.8079589690827822 0.8390778318451394 0.90959995625940548 0.91145504705626512 0.86023368695293057 0.83638543848479152 0.82109338531036125 0.79570402429940734 0.7801688322182122
0.88731945016584524 0.89369148632814244 0.88827005271572335 0.83708924974101395 0.79968044318520504 0.83279206568458375 0.85331226603693944 0.80194931476830944 0.78214455943814742 0.84916122017507245 0.88665144493279713 0.87311289296306016 0.88394128508264402 0.90030750013818339 0.89582798394471963
0.77278602523252349 0.78303135372606869 0.85964003032734815 0.89576131314166307 0.91834635606758908 0.92679661615004816 0.86430254257251315 0.84724753058262303 0.87377046188154339 0.85461399085133782 0.86295552719072999 0.91503900150334894 0.92577244664326952 0.8536270251466832 0.77584118080403608
0.87272561659562931 0.84330155975569432 0.8508707070190924 0.89666766451072444 0.875549212296313 0.83169993278764121 0.79201637957192605 0.78953446923761361 0.85868684426387809 0.88435614140505103 0.83479255227082549 0.80148791224291804 0.79067639577571014 0.81470973965403803 0.85131384838046809
0.89338341749331873 0.94451520259321275 0.93630826395997224 0.94166355684242486 0.94549699833824807 0.94763173474353701 0.9360031943080005 0.88707089516908788 0.88501702627352907 0.93142553355331248 0.96844442268929454 0.98827233809999571 0.95693742051406294 0.87860827995920021 0.88414346102297525
0.92052916804207452 0.88566381319674559 0.82737276294083761 0.77551308428204457 0.77118471509744968 0.83347255485890492 0.89341624229301242 0.90649602615892466 0.90566667472031737 0.88892143291774273 0.84772106304265205 0.82730664268658693 0.84413908252456515 0.84171006114426961 0.83425277369512496
0.89712163685786939 0.89136984097604988 0.88743892400064051 0.89994871800937692 0.9080607183287529 0.88367621540719066 0.85352967678090175 0.86641045765935487 0.90197399601191719 0.91690319243369189 0.8931393555324304 0.8663483169703291 0.86149283610536564 0.89779181611928183 0.93592845921804402
0.92374710846403074 0.90788979069244202 0.88507288528572681 0.84490449497729281 0.81654841733481398 0.80834047694352151 0.7873086531891097 0.79236135868433533 0.78755353820283025 0.75014846746040797 0.7636137450291981 0.82757202940308949 0.8358255209802814 0.80845695611489843 0.80975300705292375
0.8797135431778198 0.90252782487398775 0.8811871303595995 0.83190318513959161 0.82993563206411325 0.84738727751317244 0.8119677010713926 0.81840850366133988 0.86640399277730085 0.83977815434454772 0.81442691005653944 0.85921298648957645 0.88215070503269122 0.84642935877823289 0.81062261908145095
0.86642914214238098 0.94222585038714035 0.90715075745790319 0.80234106364731217 0.79959288309306498 0.83563556162268326 0.82800712278873245 0.83609678471670179 0.83338352041367691 0.81145295832681286 0.8304296506831319 0.82571830613887842 0.79112256358218414 0.79552869633274603 0.88211107585519566
0.75613784118800853 0.77150097826564212 0.81193720699039695 0.79687473595630243 0.79892426352019008 0.81412123395558478 0.76648222533234245 0.76379854161783312 0.85040180887065986 0.90160362954270079 0.90004713088150023 0.86365807119301374 0.83013044707417105 0.81115336736834898 0.78094807824527412
0.82407565710480479 0.8436814122388635 0.89351368360055561 0.91729033954960204 0.90110936753525961 0.87873872299366806 0.87488990460126703 0.92988064000123805 0.93797132409627093 0.86021942731594436 0.85302260262380025 0.90960057793388893 0.89116463941980861 0.8555655814777815 0.89307220088695549
0.78590063452360437 0.77470806787709889 0.79105854682011267 0.78118913753801911 0.75942602190455288 0.77452843423953321 0.80059948841201201 0.76953444628649781 0.72066896429485205 0.68432912899036535 0.70262590821281956 0.76297427775014237 0.77170028592758955 0.76169861328177424 0.76552765623217489
0.82181026608289842 0.91318765835115756 0.94293325201272682 0.9195339424554213 0.89271558228923953 0.8686278005941801 0.82749343114300733 0.79303242644294414 0.80017135004531992 0.87618981304866705 0.94258566159737867 0.91078855250176327 0.81281173022319075 0.77600509263307405 0.84895300190610146
0.76886384290555776 0.72829045675809734 0.74147134840295059 0.78538907394339486 0.82146064304913846 0.85156898763786193 0.83764232095703306 0.80182652577771918 0.77969625644010887 0.73804038067372935 0.73002905418361319 0.73948032460432012 0.72446049439167581 0.75465291886025865 0.78959601060339513
0.87869192117404915 0.84318466960513172 0.87606807516508367 0.90059518665651306 0.85644895262934673 0.83350737412432263 0.84812127846523599 0.85739908409411658 0.8445194263267175 0.82816528557209801 0.86391776941079912 0.91664193136530614 0.91269254273851874 0.88328837548801797 0.83457832528550635
0.8738298450503672 0.90687752737338057 0.91329540430219613 0.86124073910124221 0.83504623355888086 0.87144118478890453 0.89450135165883904 0.86887671668675315 0.85479849662071428 0.88572956626813781 0.88113587781459446 0.81871204606213888 0.79925213764031577 0.83666392473014695 0.85863377852722667
0.9019733571879307 0.89950137428476873 0.93882944041987526 0.94692166154559354 0.89512469279277451 0.88793237396829561 0.88130632618771609 0.86010105330968978 0.88052851461778014 0.87678128611477313 0.84365049332315811 0.82266693341592012 0.82872831372527811 0.85357642677811618 0.85290746814508744
0.99476763984479499 0.97687671271945653 0.91565460470986915 0.85956387665154321 0.83280097041839951 0.81370220226383472 0.83047737000089428 0.85399845019609499 0.86481862797553311 0.85840295328903549 0.86845052969485625 0.86520194755370028 0.84126050429361787 0.85849892625817137 0.88395107859755984
0.82264282264872823 0.88239745638732836 0.9134389372454409 0.92643765096671404 0.94301999827225669 0.89719704135403811 0.83908833685742923 0.81946778218473249 0.85387290847560504 0.94574909787567474 0.97483175668803723 0.92543010020828842 0.88533647911672742 0.85275161673116573 0.849221633716568
0.93166250516549887 0.89711392070672036 0.88481750056660236 0.91121021756858578 0.97142439300655214 1.0188755555530633 0.95271072013641211 0.85863459164508116 0.83695534020067308 0.87818485790988254 0.92429745189925006 0.93787940001291414 0.97165706993524381 1.0143771401928858 1.0008820292149738
0.89095581136360813 0.91910996838044023 0.94119864190894287 0.89511568612287562 0.83848686552155505 0.8271794127921166 0.82745710340396905 0.81049528742436172 0.85066937328474168 0.97443776499095969 1.0233147855640008 0.94273040297038679 0.86550390832025514 0.86106145338991757 0.90816922634548713
0.95904421861300548 0.91901295143286876 0.87357793493993507 0.88937426915885198 0.92492670128135557 0.93702142741120975 0.89317502526262582 0.83205523310495877 0.85830560287264512 0.92353378933245733 0.91817522103665694 0.90422013228281894 0.91954211842674294 0.92840361681897599 0.93549272058199595
0.8772002349677066 0.85172905531949694 0.83316827316927511 0.84293804559060181 0.85824310081453292 0.87115727220218475 0.87483325489971364 0.88786567911476932 0.93232482011780393 0.94885823685578086 0.9431307987856461 0.92060483047803021 0.8801559105684954 0.87794565765777322 0.87211685661614868
0.91600005233319226 0.87675222751013271 0.85183473200448623 0.86291962605820571 0.87786370573690153 0.86389561645251134 0.85844671696709529 0.86585179283012892 0.85426472281992771 0.86357757668825352 0.89110601137572898 0.88466573498582857 0.89231328016952105 0.90931313007611136 0.88831706111530084
0.92474717303540432 0.96405483670687142 0.9936244811779319 0.99029791657280697 0.96337783777588826 0.89999042031189835 0.86147143756677524 0.87568272801749181 0.86380786884206384 0.87425823292852156 0.9028282550533635 0.86814744974360514 0.88561155787958723 0.95668761779411249 0.95362475623049392
0.86683723607407903 0.89796427688699665 0.85382490068918815 0.79272926821898848 0.84090671619136714 0.92547976950187916 0.89430862449287263 0.8412876775635233 0.88577304113858402 0.92757324872173286 0.90584120916984123 0.88058594241068622 0.88543922396891628 0.90853553678850751 0.93284043596432253
0.79747920119913385 0.76057414837319759 0.77798712219396293 0.82592078057713603 0.84430046199940234 0.85790968946483093 0.89472466987984345 0.88457490668643279 0.82417118007518775 0.78948757810906267 0.78374077251046426 0.77377991832550819 0.78501836056649588 0.82738176828737553 0.83703665655253223
0.90340187808442507 0.88839961554885694 0.87651252652032607 0.87413794077408113 0.87193887352093447 0.92421356427006518 0.99138381077390425 0.95381720360436817 0.91939611913587205 0.93054085429256095 0.93750230738965235 0.92695248198820346 0.94004922431783222 0.96426750957556384 0.94780553230653264
0.78496845877135146 0.80635397844016121 0.82014951139768566 0.80875631663344805 0.84819143816921438 0.90355210563229849 0.86922376883571517 0.79936273193338514 0.81575521859355682 0.83762934532254918 0.80881466556864001 0.79539735502716336 0.78419410846143267 0.78214204691493594 0.79693860916557924
0.73948285406420544 0.77025460607098006 0.81919801301363326 0.84033702658153364 0.80632851485105206 0.78604449630094875 0.78717790549956823 0.77234971046664602 0.77391168853409065 0.7863419846765165 0.80670884352043726 0.84631291518654095 0.87471581141441035 0.84673087521630286 0.79273862239632509
0.85117249216353308 0.87892829100841119 0.90717921437396654 0.91851743770005512 0.92237099016652879 0.90676783436000508 0.85944784156461962 0.8176118417550956 0.8436031379314991 0.90602721043525747 0.88692761530027597 0.80703983345814423 0.75294576112279488 0.75606048753715849 0.80752167622841764
0.81044646344041726 0.81961353968067163 0.82665317676287098 0.78581269311891477 0.74151585813892074 0.73586626645076536 0.77221871076456372 0.8197961813464929 0.83679663520457603 0.85423452157860735 0.86792643406043535 0.83849615944584954 0.82073557577981238 0.80558140519378652 0.75721492718061412
0.80932204761891535 0.8352224856275714 0.867772055781452 0.84362195564589204 0.78845831483732087 0.76148263755686185 0.76227402502401953 0.75732709733851711 0.75523439731538788 0.79239199917701963 0.83981844118255988 0.88781732807930602 0.8790584821189299 0.84433971309038425 0.8447952017196827
0.91039277549914543 0.92945765535348246 0.95824984469480357 0.9505495848690575 0.96160486152717228 0.95968190632551986 0.92933788460994071 0.89327268628788281 0.87978046891179196 0.94245252529055645 1.0251966869419749 1.0394102578290114 1.0082099069814465 0.98424565467720904 0.9687023185031598
0.91062146127040344 0.85952638634898582 0.85971435311252942 0.86441961504251885 0.85325578511507505 0.83829831802207422 0.80822035615169974 0.81465693413032902 0.85531802131093937 0.85157661268488682 0.81191483332159375 0.80523222530206362 0.82126097236844464 0.85145764942359647 0.87630601791656415
0.75985903061978399 0.78070906606430224 0.81986609542093736 0.84290096790208302 0.82836873023837831 0.82412798604881421 0.82126195258657708 0.78824308197639248 0.79781589593209823 0.83880313985210142 0.85128262773919006 0.84333752099225867 0.8138978849456564 0.77045021325706742 0.76979726286106831
0.82020461194951688 0.79138872796836868 0.84509836842840647 0.93257024955460399 0.93884470201750725 0.86478932452799606 0.830455114453724 0.82095285999558831 0.78678027010639462 0.81436200974650153 0.92195256362349431 0.96356024273263308 0.91769695819000741 0.86790795147368638 0.82140874603102065
0.86758088190217619 0.84406906961854733 0.83072780928876122 0.85269026677118909 0.88368687775510302 0.84342733596772956 0.81685320738203482 0.8867528810651204 0.91195883066055794 0.87105678613840842 0.86113570325414357 0.89423046315534471 0.9160579583639652 0.91160395701914931 0.92727885188590553
0.89555223993341915 0.93813377438111956 0.90936624472202454 0.83447614401736192 0.80881180733051106 0.84792172252850784 0.88437687343750204 0.89786501991079037 0.88301850228212464 0.82925661600188871 0.80715021765309403 0.84166949331230911 0.85795653203895239 0.88105782000478539 0.92270792040022331
0.8598788197968612 0.9317367004225614 0.98221031166584505 0.99464376643415575 1.0007771122120044 1.0048878428371519 0.97822937275684796 0.95243680232266825 0.93820426549650926 0.91532475126393653 0.8936880750785865 0.86739457598436354 0.8130897004930483 0.77174356635005315 0.79661017819922009
0.8529343444006614 0.91343630853777213 0.95629697523674528 0.95209122634450849 0.9571912193854738 0.95501231240650031 0.92763885340004315 0.91247537906346299 0.89954020001740742 0.87642458474775486 0.82726342535742325 0.81019999902936735 0.82152687821104864 0.80436529259051692 0.80357505442561117
0.91217735652754173 0.96997896663616157 0.98124402119395548 0.92418742185144043 0.90584841607315769 0.90886330082683031 0.88884871236510765 0.92552282649296258 0.94861236221614975 0.91779561805892229 0.90694847409663393 0.96378198797269954 1.0310343894284097 0.99260809135947492 0.92682837181021149
0.95822516149632031 0.91640437464251778 0.90421787012100541 0.95340457742011697 1.0132841194549744 1.0148926211350087 0.98061706912973789 0.97786149987709903 0.92710109675119889 0.87338299415600695 0.92590206419723087 0.9758984364025366 0.9672985215019102 0.9605610169672798 0.96801918322067437
0.80404861509405989 0.80698651318567394 0.85441431195171302 0.89811553623303653 0.88171959849875847 0.83986845109658892 0.83459877501774693 0.82074976939038125 0.80670575577595682 0.83480304351576884 0.86202771087962893 0.90241028379679977 0.922527552901103 0.88357953428443359 0.82054043153919454
0.81189218824635123 0.78902807374041783 0.76739919217722363 0.74992853133176318 0.77817812235498918 0.82540099964187441 0.85360250499578272 0.85977259386147531 0.84900006090572555 0.81299611033427643 0.75667494763802812 0.73649874177318142 0.77973512758319274 0.81037777627350582 0.80041123828014682
0.93812892019116523 0.98282139647393663 0.96949887268636992 0.92151784154504846 0.8803916502922734 0.86780337501072735 0.85356446220735482 0.88958706221447259 0.9359214976785829 0.89229777820100031 0.87596479271483019 0.94584276162624759 0.96640522410125163 0.87977529831947365 0.84371958345677533
0.87616958497391606 0.88079446373596171 0.85331324785863039 0.83160167160824305 0.86727234880268766 0.91085762789263436 0.87684526497663906 0.86685582819863916 0.90593812519711658 0.92399957872594141 0.89638951950010881 0.86691231623959042 0.87349272359437258 0.86994281287932196 0.83090459871473543
0.858537089570092 0.78725180771951209 0.76049584507453327 0.81665489233585176 0.85593488738417201 0.83523345570958696 0.77821035994140342 0.75682060122974693 0.80001147474872514 0.82613668187744749 0.86654018709128711 0.9258084480313723 0.86818784509296854 0.80944024791315794 0.81857017586510883
0.81878685490905123 0.81609641634391994 0.8378100323297154 0.85520164117408315 0.84452635337830928 0.7878864498532081 0.77700670490560508 0.83990228910168596 0.84986624710615877 0.79912080213461734 0.77773041386183794 0.8065313792291563 0.85292445926331717 0.88480137495616251 0.87056728099548075
0.87628867685427603 0.87583283859702454 0.8468530760047579 0.81338727471441707 0.80581263949495963 0.82044746349094133 0.84643495321965756 0.89767339083079245 0.90344997724410492 0.83587010881133261 0.73495749356595508 0.76528205186745568 0.89920942465007625 0.94016277710572294 0.92704311428964448
0.8770576544211085 0.82702967769775482 0.8408140626842191 0.88997293763946761 0.87193428462311218 0.83692354285073967 0.84533083483817051 0.83770304178503663 0.80836637062168926 0.80464726581704193 0.81579946298657735 0.83576168850356647 0.84130717675032241 0.87365523095612174 0.89196646908730093
1.0008536008526749 0.94591896911893103 0.87994851099284566 0.88258386770735864 0.88668068009994394 0.92073849961241594 1.0119132340301915 1.0621095926177107 0.97889507774851858 0.84411568041778973 0.7993123540183541 0.83565772574366992 0.89333928573427723 0.94027018999231171 0.95777784147047251
0.93193600069393479 0.92795145292090719 0.96320604884221406 0.99131632864981545 0.99267590324647881 0.97964264469698425 0.95117591731314721 0.91782668630870867 0.8730834019251541 0.90111064447206457 0.96624476282721883 0.95943298263505461 0.9338663590095152 0.94023823182137467 0.91344194641873522
0.9010522317079076 0.91927154472245565 0.91497211465112005 0.90132637366913526 0.86245716175059439 0.85658332575322427 0.87051442219369235 0.87186676476611114 0.8776609407944912 0.88533091011024423 0.89752774738243479 0.88749183917970964 0.85308596278409765 0.87335574725389742 0.92029396692226539
0.89822156789566976 0.93489528612433814 0.97535857705589202 0.92359198357365679 0.80137469450321408 0.75201737746573316 0.79246762217624322 0.81107984467679861 0.85032996137460004 0.92370904146761568 0.91013246975702733 0.81082277856255924 0.78029987915739729 0.78395556683490264 0.7616160283098633
0.81089426570329259 0.80737886014273952 0.8266086368031601 0.84547271275457181 0.86959529997430485 0.87991090472555922 0.80667544314554351 0.76100832990893208 0.8045514068843217 0.84479346250117293 0.83339434169207316 0.78628578847387365 0.77373432016379562 0.81303045457390988 0.8133562222245474
0.86700300083730664 0.83612876533228309 0.85686836968226998 0.90763642951697954 0.91521996182529652 0.88225970607349036 0.88692424611761622 0.96058109762030675 0.99267920321014069 0.92478726423666713 0.90947565153501309 0.92126982225703724 0.88440609766484479 0.86015302541567595 0.87813888746054825
0.83017007133140663 0.83822652889470628 0.7995743686343626 0.83067502629822909 0.94172211368227654 0.92569268931293291 0.88062777980589035 0.90628571176347328 0.88025122981125847 0.84756943612124791 0.85903878123011645 0.87007572280322565 0.87081116189030794 0.86279118963757473 0.86684020576254672
0.91707987902500687 0.92775636174986897 0.87713665658446305 0.85147680923833546 0.86026074709409561 0.88147849716957283 0.9266563605777931 0.95224069100183106 0.87556526565212589 0.7857329712218093 0.77481659247440482 0.8136580451713753 0.86880379055480739 0.87342612978159095 0.85630558558532333
0.89768703029686181 0.94434818107581875 0.97500958533720128 0.96304359038929166 0.91518841881539759 0.87773588714480244 0.87051170806961875 0.89169764371420879 0.92250331001039321 0.93408180489016435 0.89135955753064278 0.84210682909446544 0.82128648099905865 0.83027750595876681 0.88760893413286945
0.85594095814495741 0.85545989247716669 0.81931981628601613 0.81360683254415933 0.82765683642800869 0.80247808027932355 0.80489970541887979 0.84092499830679523 0.83629714538396382 0.77845410794105818 0.76018197062063297 0.81779527784392669 0.85274311106921996 0.8316923712744122 0.80434293651835576
0.88358587745751971 0.9415497171028484 0.9290562476637183 0.9083774633460987 0.88341672411134875 0.81561423433705937 0.82864681740934976 0.89622040972163541 0.88153421558143663 0.84058145571303267 0.83310958828426207 0.83207583034013599 0.83656177131851828 0.86717400741774942 0.92876673570791268
0.85792095632126353 0.83885978364698099 0.89236611551649148 0.90337358313520244 0.89087555037623767 0.94368155633263784 0.94617318140875528 0.8844771956722367 0.8697556568064625 0.90140395849177135 0.95821369032185566 1.0042464019559547 0.99050231341880368 0.93205042309637121 0.85807133656749601
0.86087902275017436 0.88431165960273339 0.88627199141812285 0.9200240129352969 0.92439945456539863 0.87381821513490843 0.85014210321927308 0.8788214264603802 0.87420168134481402 0.86319889816537887 0.88021927389004551 0.88889224779769138 0.88370185956665082 0.85319324055402501 0.8400888906854489
0.91501183944326636 0.88375262847033609 0.82374403975792565 0.84996232993657483 0.9305626782441534 0.9305812372561636 0.92061493948721984 0.94535480910350422 0.92507025214693273 0.89753828087999687 0.91567057596837864 0.91441278729081521 0.89747085700752183 0.87733578677741819 0.8579798966719806
0.94580489508396037 0.90978503748951223 0.87880542372047887 0.88973724257133335 0.91280930958840645 0.89646282223502971 0.85270677718889032 0.82995922156941648 0.88496021111931034 0.93500156451126604 0.8991183032130271 0.88071681455434969 0.90791423736523691 0.92065793304792443 0.94828325116504841
0.85277826536934809 0.85188841007971805 0.85175321155730377 0.79757316155528779 0.78940571818609906 0.84498507252761001 0.88948279709009836 0.87917277898464641 0.81665290589945028 0.76815175431951965 0.7745098416560563 0.81735269279035772 0.87255294268189176 0.86678895743434681 0.82256627596868781
0.82436161613351544 0.81552831995789854 0.82105561891860379 0.82434323127838882 0.81492880300359472 0.78565341100668784 0.76802097867368435 0.79065416629490537 0.83088230245681649 0.82402292472427974 0.82199586247198864 0.91786883610064296 0.96571189852194772 0.87059160313073713 0.78738385785378695
1.0282822172461343 0.98184250153518127 0.92791582447996612 0.89912057819658808 0.83767008677864563 0.82686368166033752 0.87175229235547547 0.89349809222902377 0.88124768571086698 0.89334743757570556 0.9270181408913275 0.90792096358004071 0.8387144670644775 0.85286267829708395 0.92645998696892029
0.83663787455318106 0.8112085232741314 0.78643657682613655 0.78353984065971138 0.79295841013146151 0.8440758656331776 0.86586153457837778 0.79079819780542893 0.79722969796047849 0.90480863456233795 0.9209298533190895 0.85646667074895644 0.81707875373522199 0.80088801805828935 0.78422779014113897
0.86180523596721614 0.88558752302206867 0.90698236005751953 0.87600174131999553 0.81708942145744134 0.81126647999620727 0.86624942355883383 0.87829407076694888 0.87926039969698544 0.93434150974883656 0.92156670668945895 0.84850364739567319 0.8265294118186941 0.82537791496837587 0.82422397539900105
0.90603258553944332 0.92907900700225876 0.9581130896043264 0.95265038517804579 0.94854080286461429 0.94950915284419568 0.90532098609192346 0.86655993812871746 0.90814961162484087 0.94410409330788503 0.91325016768884071 0.89439306648239159 0.9321765474652417 0.93877466441357116 0.89258072381560394
0.84653257191711806 0.8624760655146636 0.84609068360784967 0.80674925625664995 0.78886669570381873 0.78611222521327506 0.81656861726603869 0.87783215121666436 0.90908768197809842 0.90934448122357681 0.83907196682943375 0.77059906653224219 0.79021323271929589 0.82255961354103313 0.83410830935141178
0.95132350288059775 0.94698205437887473 0.88873709798241118 0.85911128126212877 0.850752905322537 0.86245880898044558 0.91494747405646637 0.94967640447234414 0.8790328004842568 0.79965252292550304 0.79710988653308323 0.83809017030433408 0.88479157143280651 0.9355274057619154 0.97147195755384852
0.88231615495932525 0.88226839653514044 0.89469959529374488 0.8766856478690247 0.82806471416279115 0.80319159522743899 0.81670255273771497 0.85254137589234791 0.90516245189781463 0.89660153413675492 0.84924460047216233 0.85682162850842014 0.87975255693654175 0.87139213052493436 0.83816672626673716
0.77976189436920829 0.81722774562187406 0.88084273138329727 0.85018688258234476 0.80771961846767693 0.8321944105005239 0.86277680318449912 0.8829810072257338 0.9019011511793662 0.88871073749592866 0.85638407708005204 0.81736777063215071 0.80175099684011386 0.80832311075918006 0.79006559313861924
0.78600962421685705 0.73491206956935462 0.78667635685224102 0.77890928235617718 0.74598326573208784 0.7737451838974102 0.79955173351848874 0.81370754345222995 0.83846784118501927 0.84359053080771185 0.84579408563350855 0.82903380616688738 0.80543564005564094 0.80863090568177798 0.77831708812597078
0.86879143152375216 0.85333376492752877 0.9051229869853914 0.97497254713203474 0.98224545757095727 0.96724173451110484 0.95401882626239409 0.924949448183635 0.91417743572459598 0.8967946924884328 0.87203302746767064 0.89702255992344959 0.91459559313860428 0.89235778325732396 0.86914264787730566
0.86740177251729456 0.79205671130400723 0.73110752462259299 0.71282383978468034 0.7365265524252026 0.8153532368663351 0.89134252977608008 0.86619467889938984 0.79796510705741441 0.78049255763172787 0.80957224118014093 0.81953463677217842 0.80277034464031494 0.81304089434961591 0.81024795339229849
0.75504767672077766 0.77230013982302259 0.79230381408133799 0.77164081348689584 0.77573121412085166 0.82477899064197779 0.84841160207247746 0.83282133161020344 0.79868320927564762 0.77411476255629375 0.78328081023653739 0.83006447018633689 0.83596729062434294 0.74870649547965051 0.6975917912163766
0.79799921645824501 0.81257153852972364 0.87264842825744748 0.9033584271581987 0.89770710498136475 0.85251396588335271 0.77365940611865203 0.78324544462535284 0.86620962521825995 0.86918320140534422 0.82421000925074828 0.81486033831098315 0.80161117013294958 0.76415372567278306 0.74610626896051691
0.91736479579853003 0.92783734698837206 0.92918798303118422 0.91656631273817946 0.91533568228250439 0.88740492413274863 0.86560431935644377 0.87999854132385213 0.87887965003683366 0.92489335167271869 1.0006061986500532 1.0094385204855056 0.94705281300279454 0.86082270488850099 0.85383279651880617
0.76673028936482024 0.73267834847025537 0.72596939662797144 0.79622736419467122 0.86617354410597669 0.8462017377992932 0.77334341356199632 0.73580272915922273 0.71705371152784703 0.72941954777227791 0.78473194297269422 0.82903353062700225 0.84273403266118985 0.83961350585846506 0.84060233967798226
0.87556348414066343 0.85117026372717874 0.8378098344661431 0.87024693302720046 0.92871729722091068 0.89815728064209754 0.83860690050830666 0.86332012436734962 0.9101916282215019 0.92436034367487463 0.91536742496560652 0.93118121237244256 0.9522683549965667 0.92474800449456318 0.87510296897305928
0.84577615522658589 0.90157253655689229 0.90155199710766654 0.89089764719968978 0.90834688071313552 0.86974192876922907 0.83867969998220426 0.86352616265947624 0.86049291185504617 0.85175660063416359 0.86007447988196972 0.88680561075274533 0.91096892352257852 0.90512401608428006 0.91127098634199644
0.89530068342585301 0.95159559324626719 0.91645104807722544 0.9097983565961828 0.94010174539731106 0.92911573486329602 0.87850471731390201 0.84799310498092373 0.86899083839963709 0.91516695557261485 0.95877799174211364 0.98677184852077637 0.9605910240607376 0.89816465612118623 0.89799747059551283
0.88742442792723686 0.80242898186027545 0.71040962169803334 0.7193418190135713 0.78024649412857194 0.81749644994669912 0.79994756727802196 0.77253691858298168 0.79761981497028389 0.87038621435605046 0.9046692197521623 0.85754780167440736 0.80803752022991482 0.82200511519797637 0.86150118746502446
0.89465122857018031 0.91803230552670789 0.90577474031128058 0.87056321024999728 0.86906064776175618 0.902101938637071 0.93818282912673601 0.9307983460702558 0.88224490682926404 0.87250371174219987 0.90531032632199049 0.92533703455732563 0.92140713541758557 0.91523305901672802 0.91986993117409988
0.7616451331526175 0.73139922406217373 0.7163249618972034 0.71822631613567889 0.76876496487468082 0.85247770105272014 0.89162985404139805 0.87359189786421232 0.79638013460595591 0.70254613570792146 0.67255096761744537 0.68430113366442336 0.72096905196281846 0.7671771324669131 0.75292777567011948
0.8926691424944817 0.89972677092056341 0.88357406878318756 0.87356502452983842 0.92097850434963335 0.8854919869120732 0.78727527667122155 0.78752419286766095 0.84731146183018258 0.86965615568465127 0.902743357981452 0.94423668236321179 0.92909339261021817 0.88556387052473695 0.88282472748600649
0.77321544461507574 0.81570845770865053 0.83320852980687787 0.82856251179222062 0.8895098868828466 0.85622457847975719 0.73950634049420438 0.7825376674003337 0.90397165340907981 0.90501258364118609 0.87692179606658305 0.8880408220686834 0.88864164225068432 0.83674429780223969 0.78382266389389255
0.84924829379895794 0.83545312536551797 0.85993451022676459 0.88370183895193055 0.88541105120076424 0.86874617687131328 0.85219847664958503 0.85786570460887457 0.86491967577298923 0.84981592349241586 0.8047049831980847 0.75294300068191644 0.7418741646316438 0.77421674354301306 0.81531720932543339
0.83302051840938318 0.91394116125514935 0.92078812277036814 0.90697784591915542 0.88639401432086151 0.83604434823358631 0.79520207258043774 0.79654875187004448 0.83409373552242672 0.86231363901556479 0.86484029820766672 0.89481577639431664 0.88312452616328718 0.81667089576834684 0.81967233154685681
0.89068896643737439 0.97381017689758143 0.96005429830118838 0.93928936737783097 0.98417063961428275 1.0096134029095423 0.97927163986987598 0.89616432856184947 0.82871210288834485 0.84848888292913582 0.90148590690443786 0.91138162878430007 0.88571031168505976 0.87886618244274117 0.90330651095673353
0.97228134656390108 0.95362160047447475 0.85561808817961116 0.77554656893308216 0.79879048639520367 0.87303275150424808 0.8978467923738106 0.91079552226089577 0.90177360119793759 0.85711873905094771 0.83938355396329389 0.85667615038991407 0.86556433101184616 0.87097291759784246 0.90561071652675695
0.90201440316061898 0.85932876139220415 0.77058730435547174 0.77164633348992817 0.81905483195096307 0.83658870594095625 0.82229406825388518 0.82921626804035986 0.87962288025594948 0.81586682136451927 0.71128962597772727 0.73874824152857765 0.79004977543615795 0.81699961241006258 0.82970730983958796
0.87799335355186603 0.90213267879934811 0.88567653024587256 0.84260379608685765 0.85047121888153709 0.89569696149984224 0.90158277577627077 0.8736853250791079 0.82866440699375798 0.82308360345805787 0.8664830240957877 0.86901704360578802 0.83967144656311699 0.83333073682960901 0.83751333884050649
0.89563806484780228 0.82664399906464259 0.83456112095101365 0.84564253150088298 0.82341019098200185 0.84906201317480179 0.86489898625001749 0.84374735042168525 0.82844690120167419 0.84040966684307616 0.88150545605342834 0.88051136328183366 0.85713485120703081 0.88426634437664431 0.89187520697189793
0.80247831568411498 0.83824425543704484 0.84278454231762567 0.7928721612584837 0.74025798154415112 0.72764087685828771 0.74387092457270676 0.7418609481402213 0.75340447123964538 0.80279949701835029 0.7829744385633105 0.74922977398303892 0.79236325839835886 0.81842757499596974 0.83665033768045172
0.78291209443827026 0.82913099731455742 0.86112362106098816 0.79209615869960581 0.73244502181118065 0.76613522230241882 0.80067164148044268 0.83276658736203324 0.84887507100899395 0.82764875663362636 0.84546846211894933 0.87235080247005559 0.86591188920273143 0.83964312415499753 0.79871418977547903
0.90187727952548791 0.8286359493661235 0.75484706364697618 0.76547725490086838 0.82394593568475127 0.86267943729644714 0.86596669949717453 0.85653491846844565 0.84403909966854096 0.81335329330148065 0.7914327831977237 0.82494313796021557 0.89987458061682157 0.93728132494667904 0.92607737440724913
0.88453090420263003 0.86966076060855224 0.85539207820527474 0.90722352662545325 0.92779836181096964 0.91615134699552903 0.95693540387803278 0.96212853375653307 0.95013997012119455 1.0141530676986059 1.0382109181708781 0.92471605015283975 0.82435533622632029 0.85168249011474284 0.9169998291243745
0.91795599776282322 0.92381870725862958 0.88700407745972509 0.8201279714832469 0.80468851791722062 0.7735808730544409 0.75265527580160541 0.8158783309664559 0.86947454360612597 0.89469481546522212 0.85399174893243568 0.75357442324081858 0.72501665958784933 0.81375775997204269 0.87247048577266251
0.90240754786075883 0.87213785436470526 0.86883022636919516 0.89761256227979669 0.89391288214765352 0.86318080900865057 0.86480009217057763 0.88962904612895388 0.87339687483000494 0.8428045142153161 0.86397911714654763 0.91042741936201799 0.919977264113223 0.87847161223146708 0.84292644840301933
0.85847329802557604 0.8992703234582835 0.84993721210142437 0.76810751758947526 0.76893880304315954 0.80474051081001119 0.81573491087438788 0.84537858733796978 0.86216640359853802 0.80639210139033546 0.78247490271097064 0.80333617768731702 0.81085230057325619 0.84108680121000734 0.89327458117104119
0.92910170567479133 0.91629043767962215 0.99106825676223886 0.99743148007833737 0.93311657416508698 0.91717854857742387 0.90334990337303633 0.89823087226749043 0.92729853222981129 0.94979136832291144 0.93656846797188897 0.88568403791554751 0.87590477769241515 0.9245626077403285 0.92335359797663175
0.94060214085209126 1.0190057835573341 1.0655840782349493 1.0306558038369815 1.0016833564530334 1.0133067293831037 0.9609131816899058 0.93548327504580209 0.99656216204519876 1.0326765571771974 1.0038352428766397 0.95672682597980085 0.9171070509449305 0.87900061780782046 0.92761436674685216
0.94003251715850966 0.93124899466212774 0.90042217029603766 0.84101001374774809 0.83423461624297768 0.90621941917590842 0.96195820412062483 0.95113925960551959 0.90600905342581839 0.85886097977616804 0.8310402498504853 0.83889341796413919 0.84233926187418506 0.86348337887506854 0.90713923136500896
0.92689550158802891 0.91274812311523623 0.82209559344125294 0.76632875461097982 0.78954168968527272 0.81054269988458272 0.83943237735454534 0.87914867044138567 0.86760489039212108 0.87213079600673937 0.91125883992912671 0.91121081713107499 0.87190574141279042 0.86663139091961305 0.88936129165916566
0.92824090448947338 1.0013960211899398 0.98060908409046599 0.8890384246566404 0.84574531465032454 0.86992728092220784 0.92546442588330968 0.92355101012139251 0.89621286160367497 0.92935725597245566 0.93919105162751937 0.9291273170282528 0.94742687397775338 0.94484943213749051 0.95220976988360695
0.86275814501907422 0.92080709871992006 1.0040403188332041 1.0193423436084232 0.94178393849356468 0.85174765301979427 0.84494000645338407 0.88742762837304523 0.85977911977144894 0.81318936037147871 0.8642568191144917 0.94425713570452829 0.97729377925428207 0.9440469874177162 0.87885718391383294
0.94437042022383133 0.9621201027987859 0.94018428475636584 0.90826270763086647 0.9038343323608915 0.87542018364642915 0.90080116413034861 0.97108634211313383 0.96671402745711654 0.85762228572489529 0.78000554335719841 0.77243130217813039 0.80600959214584433 0.84006217378417636 0.83642911142266463
0.92232970175587947 0.85555145902340046 0.87673600539095964 0.94720638618220832 0.95259341764299854 0.93247685192561081 0.93384054375064007 0.91455880907279719 0.86808179022495469 0.88192337369430807 0.95346304184035302 0.96735636459003105 0.92874022783668997 0.91480183030993567 0.92696129048242293
0.95834539150003417 0.93006803876426247 0.91878158513162589 0.93904720218645699 0.9505342320526049 0.90578789365451962 0.86633298279875959 0.89223915237418283 0.89980548008937256 0.85440879749316967 0.8255902669995635 0.82502393075787683 0.87786255834690163 0.94003974035057036 0.92330286318009369
0.84967480377646432 0.85084515342347478 0.86414066244790533 0.8646280773289734 0.86010846679755615 0.85742878029214187 0.83992006094126503 0.8391003996273978 0.8841123375481188 0.90709786032690853 0.89841545348144192 0.87716910332589171 0.85374210101255132 0.82864736691438745 0.80610309152408721
0.92906395626540994 0.89520661425799453 0.87642842645755537 0.89293601635450293 0.92100469023202758 0.90041876081060057 0.84440897592696706 0.85937643736063318 0.8856446205830445 0.81907070908152546 0.77865500648653918 0.83264274503589553 0.88126543158457238 0.90982867242139154 0.93700438017458509
0.9209958809751011 0.87530472015921723 0.84901638528635004 0.85761153108535382 0.89560102470005198 0.93894697014637174 0.93173480577712653 0.90377828061745391 0.8988437289010125 0.89463650889498059 0.90331814934510646 0.89407422521807633 0.86771479086859626 0.87388320017996879 0.88531895563390539
0.85994195847029709 0.84186523337645036 0.85996282685836456 0.9053747037169676 0.93697489090569219 0.91005307385694845 0.83778896081740561 0.8162117759405102 0.86006652827748276 0.88492747761912005 0.88056547527102147 0.91929665974149899 0.98015373967681119 0.93555341813553083 0.83424461491911983
0.78038188876700476 0.81530973565044718 0.83101845472971336 0.81406243319211646 0.79486248092966483 0.77585749555156169 0.75169195749448414 0.75702085570751299 0.77857295541296201 0.80381324607599203 0.81525728728318969 0.79031882289730893 0.76551704089956707 0.76343992125542837 0.77090584352397151
0.82472113494681787 0.8173832810881122 0.80015901065526029 0.81222152625794131 0.8422932615023756 0.83129446221750358 0.77200706520121709 0.74799179292666318 0.81227221080615719 0.86034335483590518 0.84765282581844503 0.82703767197948697 0.81913242738868131 0.85031850270328635 0.87736530131810642
0.82022682306854 0.83577677227703984 0.85690607607933578 0.82585546971261992 0.80927737110709985 0.84124786430358678 0.88989500594673254 0.93358054579230054 0.93189679451918339 0.90144249788006137 0.83869828521736112 0.81389273664969608 0.86189826759878063 0.85707721514134882 0.80950324949540309
0.90653528176580411 0.88191194907142945 0.86348122179073183 0.83169818947085827 0.83842469332088576 0.89842481450703782 0.95661129875383377 0.94516488761298123 0.90084609963258888 0.89136595927107309 0.88464935763007968 0.87634845761880897 0.91609985226372892 0.97130446250835345 0.94963489976814575
0.83224956296442254 0.78479605964572108 0.79332561324254403 0.83539435979917243 0.91523850609206159 0.99829969405877794 0.93332089286178177 0.80330855912824384 0.78181070089405469 0.8501138529174076 0.92628785342795639 0.94655767019962622 0.91369991009494667 0.89519937896924773 0.87975725673666283
0.94455440418185399 0.94253157108345242 0.90833262245412327 0.87929701532414861 0.85751635663124137 0.8929110393745 0.91315245033729109 0.88729957902863776 0.88472960551194979 0.89102250605060007 0.91273938421697542 0.93500115429515296 0.91843958950860138 0.88976160472555665 0.88069298668167972
0.75488900208922116 0.77138663724780754 0.81496300093053009 0.82491360667612179 0.84253720700428836 0.88459861670854767 0.89258841832553204 0.86914021122641094 0.83072637513876968 0.8165136935466204 0.80604230635480778 0.77762184544760349 0.79510631513566754 0.82170413724416058 0.81104050786257531
0.85212088380667195 0.877800259033088 0.89774023750698362 0.90228256850010358 0.89419989454391446 0.90663018581410382 0.88587485051518067 0.81057690499464952 0.82625474041171265 0.9261890698815477 0.94239711693558348 0.89689277719000537 0.87195154510925055 0.84039205345099621 0.81660503034799137
0.80600261769521853 0.84699725140509152 0.88601603721902533 0.86077921057833573 0.80610554627240405 0.78484016134635659 0.83916724716524138 0.93118747030344351 0.92483829024850495 0.86447803164601522 0.86149410976162266 0.86010372442470651 0.85238101019080159 0.87086944182411063 0.88456728931515782
0.87619172135585965 0.89489152249858916 0.89251790037399026 0.88067124156081444 0.89107063733973491 0.89295160181894395 0.92961372370057949 0.98253955969045736 0.93937056049694256 0.88971262454520683 0.89960252892090287 0.88377591145518142 0.86122226818562764 0.86597762780099707 0.88450992088713665
0.91045102372951603 0.95038272742463126 0.90707082526576688 0.82294170082266671 0.82408649031284642 0.87741709685039326 0.93973279870936088 0.95445939992144935 0.89442021766146151 0.84191407982558863 0.83432428763947719 0.81204349276883681 0.76027936773273308 0.79029312176254318 0.89993502788670643
0.94039965652766222 0.86135142169117007 0.79257100898500099 0.80700736115350458 0.85731222756792524 0.87966982206321975 0.90152433887516581 0.89743585083275446 0.89694071302445033 0.92986254780818511 0.90488087616583146 0.83583474055532703 0.84317677958038384 0.91020067883809264 0.91228786614245494
0.92007169916354747 0.91414804983717934 0.89505468009039535 0.82859945715299221 0.75334227431128531 0.81153527190514452 0.95048039786547212 0.98785573800597626 0.94228368343532487 0.92964855076600394 0.95043969611934231 0.94970111117555389 0.94048232013490551 0.93656318638874403 0.93613811455744278
0.81211023403243954 0.8887428873449752 0.95497477330120806 0.93228369567209335 0.94396832312377799 0.95612660037983266 0.92135576218790105 0.89477956471983255 0.89993224069507571 0.90899053812415942 0.91612482616459257 0.93750996383456398 0.93886866987236384 0.89656974559192371 0.86733137768562352
0.84403353308437323 0.82525784463096941 0.80192089357570306 0.84494872801120624 0.89101586194639437 0.86402790623622439 0.84982457570979419 0.92564792861270362 0.94621313363538617 0.88160737738889439 0.84725014582391722 0.84826496993084577 0.8211222876610339 0.81381273822159617 0.87539111822988258
0.82114234212371184 0.87088585428396237 0.89057362616528735 0.87637800938775678 0.84262626041204047 0.82753599383370202 0.85385856185246567 0.88725533785865385 0.90879888130033415 0.91196750156605988 0.9036368419330213 0.91634901193187501 0.92588476277187159 0.88792335809330991 0.85467225745128883
0.83941023664219316 0.85622436394445234 0.83835362142566661 0.8308229786477227 0.84093844863978495 0.8510844606019945 0.80973395978541518 0.73120971108409472 0.75844698807258071 0.8575602499045849 0.8647860927198191 0.80139662903994013 0.79973516596989824 0.82913299740549207 0.83018548313649565
0.8789079384309828 0.86592400934025715 0.82646327270970688 0.83817993900050347 0.84266586397789756 0.78974044306662039 0.77677371775163495 0.83812658516628635 0.8618549047566163 0.85731000283484549 0.82956270021249945 0.78412336263808446 0.78845869087603682 0.8434001861165572 0.87048202422556542
0.96662331499324305 0.89388688480214973 0.86103725110640328 0.84795000105422413 0.85140650158821451 0.84467783385421769 0.81559738286070582 0.8472391120285564 0.86350969579835901 0.86091502512240026 0.91121813603432178 0.90302394705980693 0.8770652438775699 0.89477618872584863 0.8830764408180114
0.81956166227272009 0.79625308516104065 0.81270996764999703 0.79230810645939875 0.7815086848694679 0.79949452233599339 0.79093836794491745 0.78715999479366094 0.79860356440519209 0.82334823222516873 0.8546263716833592 0.86942993867789264 0.90592952648119129 0.9243078275718889 0.85483993583147133
0.83284232948096681 0.82594391538436807 0.83765832902535364 0.86367926962459685 0.88207347013306547 0.87171048516857097 0.87533152194290509 0.86053810196929814 0.83466317180797678 0.85561770469032838 0.89807739534692066 0.92222976466730133 0.90750339896493415 0.85825370204668516 0.81529164879347293
0.77537534308346079 0.77181906136821044 0.77196754644825327 0.80113126531901568 0.861717430767034 0.85521617404544159 0.8036199847404254 0.77379852956798167 0.74216300347215292 0.76523814759099862 0.83421040116063871 0.87350991461227034 0.88593169798858507 0.87814132945550816 0.84007723894055319
0.87722522342877485 0.82516031529911948 0.81507901722287879 0.87229687285205815 0.95405775245574331 0.92953304003047355 0.86212893799089874 0.83466007559323541 0.80795723625698224 0.83133842113303835 0.90152161761941085 0.96469135624465607 1.0230829010166984 1.0113546151721635 0.95272569292194897
1.0083950141090086 0.99084164494425986 0.91844096754832727 0.90428332266667399 0.98668083546975183 1.0313128339100779 0.9776163564535999 0.95116856851504017 1.0075080011574833 1.0274690531643509 0.98336069708759244 0.94888867367836083 0.94209848486574632 0.9669116738557576 1.0274437750457976
0.82999926593735851 0.78873777558408831 0.81118013454897853 0.88252923727928723 0.90841446338869947 0.88427998686928788 0.88034009879188668 0.88223471358899008 0.86570330989903066 0.85650440306562725 0.85146634394703924 0.85138725082348576 0.8412894110835617 0.85198422413122377 0.86876109899564136
0.94611067849404384 0.9642244550137814 0.97110148471597446 0.96304558800276185 0.91530842686626945 0.84822721244276744 0.80956632151056929 0.83627122273196253 0.87982859502419231 0.90407572212762577 0.93866724100957832 0.96482704191140722 0.95663952940470021 0.90263194428621718 0.89113788537017347
0.82760409044649708 0.80538996005532104 0.80051612287012264 0.81558821805256188 0.84594752006602347 0.85083160165504168 0.86346029411461556 0.85613611089142017 0.82118593019727171 0.81740115875506414 0.86993204614149988 0.92201269016758003 0.90832748727153045 0.88545972362551595 0.87172681079037884
0.94868008240778545 0.89348563366462541 0.84289109680737495 0.83569416133404673 0.80836918448068706 0.80395035523867331 0.82513976938559208 0.82854781496805097 0.82128037726884529 0.79572093772248775 0.7899244571612084 0.81412542590483106 0.81901079075038141 0.87283644433581997 0.91363874507903264
0.86440989978931493 0.8230461792948881 0.82960891812352933 0.87268226684091066 0.87287239276882855 0.86024445184620335 0.87222940759800716 0.87506718527732752 0.86951463283831776 0.88837800048703341 0.89622831124946434 0.91323328272215176 0.94580249963886909 0.92930286901160097 0.8948414767905819
0.82227776786887807 0.84841389272624423 0.86833810239554921 0.90780295256256249 0.9737699508556753 1.0354467926832238 1.0134848974020061 0.92210243960016347 0.8932104396885403 0.89638230642661332 0.89414302815237201 0.92111815252176821 0.92548205521498494 0.89920709867741921 0.88393458577491069
0.81109465781187906 0.81456315781727417 0.83167451895276545 0.84205095337374047 0.87226963166198357 0.86258038712912621 0.81678120793170983 0.80488747628691026 0.81545485561595776 0.81863800360422667 0.82616905178178379 0.864455194002683 0.93015543246076504 0.95131534642643967 0.90271617336450927
0.81691934853556825 0.83480126305142754 0.82733898644176418 0.83576714136693342 0.88993589099398063 0.8727753043618286 0.8489292852771041 0.87064589840176043 0.86383898072078236 0.84596402035327567 0.8120853232831774 0.78525070616298021 0.78646502505068516 0.76950743886569972 0.75484727385205586
0.88963780289688366 0.86418732431098633 0.88947463176364927 0.9056948199622894 0.8810993134398718 0.8538615436065552 0.91361383746424008 0.97462684990645165 0.90992105767009734 0.84666790307971462 0.86202971499131276 0.8833433992803269 0.90530828852410772 0.91618114952111518 0.91089329310194511
0.95096381262708973 0.93124588138068953 0.88811123955641691 0.89186863084255585 0.90582674830636178 0.87190551289383544 0.84326565824526512 0.83200452072396391 0.80922272376956661 0.78859099372931896 0.81354294290556084 0.87048987903492658 0.89894698456358646 0.89398880817901705 0.88938763950171984
0.83555929013590258 0.84972872311017211 0.88868663204462739 0.93671910693935156 0.91121210081797011 0.87852942165974379 0.90539706048023239 0.88894352106643637 0.83526616245509977 0.8424640354841666 0.91136351832457096 0.99711506053641263 0.99461747131803702 0.90616502088950168 0.83864059903872479
0.9320045749167547 0.91962510390916974 0.96188484781593209 1.0232761064053741 1.0257704109327652 0.97510138464331431 0.9252390200587417 0.9339929050916993 0.9715882781558457 0.95760579349817498 0.92658785518202713 0.87466283818713553 0.83691737190676574 0.87712512945512378 0.92363317059544014
0.78962317917249569 0.85930013392336368 0.90853333514938517 0.85908329127892047 0.84238565983836988 0.87093602538033055 0.87284303120946283 0.89918862085233053 0.91271418642644009 0.90750702788801452 0.92668343546427234 0.95692352055090235 0.95398200731382155 0.89008136547549277 0.88093062993482363
0.89166341993610376 0.88023443053997685 0.87007465242440052 0.89955998749824484 0.92212118928339826 0.9403875653945174 0.92595433800205773 0.88427322342683179 0.87711888699727569 0.86372531694848398 0.84043768410881081 0.85997061477134706 0.86460942566125565 0.86560858821851328 0.89546755479141793
0.82503736750427836 0.82803869369296323 0.85633989489344176 0.9398903122865041 0.95856675692100402 0.90853102008557496 0.87147553846984271 0.86269561702726727 0.87018595278547795 0.86653785250015314 0.86664785866643623 0.88016842745629231 0.88760240743233931 0.91308775349053573 0.91709111768040641
0.82940512352343587 0.80070446935103579 0.75126076842970202 0.77290817397067346 0.84840580796358611 0.90818985476041547 0.91834124801745987 0.88310853680687318 0.84639145395433024 0.83019310239639799 0.83946219224180152 0.87712416775828828 0.89664770997229859 0.89641849667386209 0.90927546059128961
0.83690208667529919 0.82565406412569264 0.81749396773304273 0.81661839693167904 0.80893606665059581 0.8001111611498537 0.77640424463408086 0.76720887328168841 0.80195909930662657 0.85539744714002264 0.90265624963212499 0.9006502630930725 0.86603702528665183 0.8791986700854636 0.91191798340065788
0.83517471081859151 0.87653842589813502 0.8860943748588046 0.88237514278063112 0.90288080098566603 0.8803274676704681 0.8449891946490693 0.85998310929295618 0.87955122484927406 0.89271918663670558 0.88735210596199376 0.8708315989143387 0.8431884922634052 0.80832004387424528 0.85501315351422869
0.77547600049241194 0.83260542025542439 0.92216012552622706 0.92220342346209405 0.87019235461950439 0.85972231172172442 0.84441618160205645 0.79919144042522161 0.83213974827941095 0.89783428830255274 0.88131541327791696 0.86582050780054587 0.90080044673709581 0.92150160030221195 0.87773818615343502
0.80421356168854563 0.84748298012506396 0.8608272404067423 0.88174503578626284 0.89742505582149024 0.88262337798521862 0.84369365521932871 0.81990481811174298 0.82479639444744468 0.81675945391110893 0.79577502030450642 0.79004115216381754 0.82077480707995309 0.8533911717181607 0.85865024772086385
0.91224962305993673 1.0066980775058354 1.0357909506929006 0.95037466158130679 0.92534763446928014 0.97099225333907058 0.96110707578656485 0.90767037786373561 0.90059602126528238 0.91835275164375241 0.89977400178999278 0.89046222947754583 0.93165405063290918 0.9414578220007801 0.91886436191324883
0.74331084323513796 0.71468017125329364 0.69951360242417748 0.71566220340444375 0.75596567299408335 0.75201606454907177 0.74970615007333929 0.78351237059979695 0.77107477229072996 0.70622946482926441 0.7077542489859534 0.75910509787515856 0.77488196112716223 0.77212917743217346 0.76702577645142722
0.82288508301231411 0.82660879406736243 0.81893708866444337 0.82177348120247462 0.85531421172476751 0.8468504748122444 0.80384872851552225 0.80693824940413184 0.82598446233467682 0.82013041259232766 0.82423941268810552 0.82921123727963741 0.82684862939666748 0.8193741406315439 0.82604758454146709
0.86168635265755844 0.83428676441714178 0.83422474372161748 0.85340247814947889 0.89589817763927071 0.90859232834064341 0.90678523000541766 0.90700671654503973 0.85638844625968569 0.85627953865963979 0.92218336224164821 0.92479362019054701 0.88088087151982697 0.84811218149905632 0.80838172652140639
0.93362459749311433 0.91553017483004806 0.87929708294439524 0.86036917582814254 0.88431613027266409 0.93381013776950983 0.94957268552315166 0.92642895883672927 0.89386524153061342 0.88441369152894911 0.91810189712522572 0.92882135740365557 0.88618099131449757 0.87777550504056945 0.91576232041016226
0.89897018705405562 0.91613935461658313 0.96018671075531692 0.99189637892601035 0.99444478520904134 0.96394097380473232 0.93256508474537037 0.93940986333098409 0.9192104783909838 0.85035932565906924 0.85346220549363883 0.90869206356392018 0.91549188677704096 0.89810887447837406 0.92457317859026678
0.81799556648767402 0.87574778528125041 0.86436038837325446 0.85881241531311392 0.88048999955927354 0.89565352350475769 0.87041643374157862 0.83185029807973521 0.81191730527227013 0.83403284096122277 0.91724776506374617 0.9744109521939921 0.95570509204791376 0.87245236979665797 0.83670543708866563
0.88392890795846457 0.89786649825591658 0.87344111326061313 0.86425056811489154 0.83749213249744237 0.79448600043851636 0.78628537385577302 0.81128126840919168 0.84449579565707478 0.889961403277576 0.90329069896937408 0.83219327015790157 0.7589426182420248 0.73042851550112953 0.78393069443497698
0.8990045279850889 0.88625975251184164 0.87455046856514418 0.84311265579845585 0.82087580346634137 0.85373636779790119 0.89554418606789776 0.86963026595209403 0.83579366793733245 0.83597828037807764 0.84762872415058677 0.82833864208491481 0.82679604104856153 0.89148802709160924 0.91467974826035803
0.92888345298142427 0.91315476912259907 0.92716144395713573 0.93892000260809361 1.0127040066596713 1.0482644820744329 0.96816649901720575 0.86220962286970759 0.8525824965647173 0.94162656272562295 1.0143037749075532 1.0255369754923596 0.99938026127933011 0.92970904847723168 0.87318119621195878
0.82174616686059865 0.86379255480021178 0.8678406168973104 0.85761606003506341 0.87409869010874508 0.88438170496007806 0.82594380485022412 0.73833556856689009 0.76596313931339988 0.8441822250010963 0.85359604311635418 0.85300602592715313 0.85318014160231348 0.80824481984623098 0.77541254402534154
0.82089798749384679 0.79592086086809766 0.82903786269587254 0.80784100256609281 0.75363655630942494 0.76847436056659824 0.81656843659238132 0.82961990550401676 0.80132543250980137 0.76442055257656427 0.75570074161146517 0.74636615967984887 0.75511338036253473 0.76963636647444178 0.71778597381343201
0.82312622405963687 0.82600316816459629 0.82042715798950128 0.80872096836582275 0.77435451624478313 0.7618374686007412 0.81490100367940566 0.85673334809463186 0.85027522755086227 0.85698867656475841 0.88518964180850834 0.90488242758354476 0.9136964336707657 0.9109481204458274 0.90262233806034364
0.80997377822616146 0.82962771544474256 0.8459578098968622 0.85115657553893997 0.86944725083002983 0.8891914506597538 0.89629135465462062 0.88360247161318572 0.87022905417612317 0.84989699530835772 0.82915577544399466 0.84298206703359357 0.86234651992104661 0.85481337018207804 0.84862398936097527
0.84990861826932551 0.85083435392622053 0.86043340589639372 0.90155214143315543 0.94392548677029176 0.96960046974987368 0.94744027110043738 0.90451561042792961 0.88660189624098984 0.89829574986666227 0.91148933006820954 0.91577238876862865 0.92540518553540618 0.92354216836590464 0.90542905441098653
0.81860080676349201 0.87802890699893821 0.93805127818631318 0.93723486358283226 0.95061162617916883 0.93660141254826468 0.87532004646155603 0.88157059172138552 0.87465668128452467 0.8431672326714873 0.90318939745814641 0.959801225807423 0.93868739874319662 0.91518350668180737 0.94257964661854909
0.82986090343612784 0.84338091919324309 0.84025329372944746 0.83306848535533373 0.84900550516225093 0.87646658133869715 0.87547990913396301 0.81673342888025002 0.78958461927556234 0.82530511252423533 0.87117461733911217 0.88275736716708419 0.84405329247608751 0.80542584815821505 0.80124704074853326
0.85269004593998288 0.89465920458667625 0.92273956653940437 0.90654470673140919 0.87211937993289324 0.86281121860031462 0.84095210987877878 0.83312655964721682 0.85951388826165576 0.84898022560035236 0.8598647711534454 0.88525237697542514 0.86038125286816269 0.85879961646760627 0.91616307005227327
0.83599905215832404 0.86437475954176202 0.83539910091846059 0.83717086851272371 0.88345369042192556 0.87489887580436887 0.80546308696193236 0.83736655713545749 0.92657687036920799 0.94571058752310033 0.92707729189575427 0.89106276742655421 0.86317000872849658 0.84510376971930967 0.85897532512246244
0.86613631116018186 0.84746216826614917 0.89445783517773136 0.93613959893982068 0.94537886180025743 0.9113808191543108 0.86488039522846794 0.8631728285575937 0.87130132325117893 0.8834152484399489 0.88378891329853537 0.86476267373477078 0.88637035389080332 0.91316566942512367 0.90125478426042971
0.93666330377261975 0.90058971488755613 0.88270115747723876 0.94236907821650029 1.0280754406767241 1.0479772051759046 0.98976669218079172 0.93576387367821001 0.90044406613599071 0.86977689019126414 0.85586475613345891 0.86580189544406683 0.87874830169341234 0.88022210226828401 0.88008550105729944
0.81013795509069775 0.85252352714600854 0.85701076864109937 0.8255458687878231 0.79956387523971817 0.77972248626188612 0.77441998431711256 0.81879322253469933 0.89700268065017774 0.93178860105515604 0.89090891228288305 0.83450174053915882 0.81448282724307464 0.80222598938135437 0.7873356550356051
0.81576411828579354 0.88356527737404356 0.92263957129105323 0.94621189706210562 0.92966762483659837 0.88916659073927629 0.88332385833859894 0.89218633967796246 0.89685213631303684 0.9194530364116863 0.94820435992655117 0.954447910055649 0.91041633869202987 0.83890122709164583 0.84350216524380806
0.85555476336334202 0.91067929759791144 0.91456731999271557 0.91704244416952596 0.91378148718237628 0.85757578389185118 0.8083679824641743 0.82114396774591369 0.84017553350766561 0.85759178563431249 0.88508141136478469 0.91256869746170299 0.88838594959021044 0.83274133244283655 0.85675482708471051
0.82386963292257243 0.8076765049780964 0.85224502880742214 0.93995098802640942 0.94291717859152169 0.8374409760610021 0.79898541667847789 0.81838822807055178 0.78504773758300384 0.78292414278880518 0.83202888694808785 0.85746490234065487 0.89122724001907372 0.89278896353720383 0.8436646083797118
0.88641233634371752 0.9015072768196899 0.89291583088455873 0.85556973760372756 0.85435452977534332 0.91309029032046218 0.95069948363096179 0.94657942863055111 0.97236558365918568 0.94439952740877042 0.85753470531764397 0.82781031652383663 0.81037462455924336 0.79842594584166915 0.80888796123601081
0.85345070966650438 0.82232960175838632 0.84362896541893051 0.87477759993934934 0.8762100062385999 0.86195586890237985 0.83775343258597101 0.83306697397581619 0.84411407561035834 0.84911260320176674 0.85390076689241956 0.88001663292532761 0.92133808818146168 0.93107444448138643 0.89534587285326395
1.0065544759383336 0.97475895507925003 0.94899886483400642 0.94362778223047261 0.91202861329825158 0.92293625563647075 0.99291721080162676 1.0252348263267985 0.97510981904683203 0.93503963646228039 0.95755994520284948 0.95108810787316 0.94543649413314579 0.99272536635410691 1.0423126716616322
0.94617398898729865 0.94635160163376253 0.90973387780110548 0.83541445247530977 0.84665518313018517 0.92364096916260596 0.92495626786208307 0.88118097433151021 0.86139542130480096 0.85483904080842643 0.86890166404347913 0.91789024550636389 0.95704034260264048 0.95069019984177328 0.91279761498899203
0.8586882244640186 0.84919835569011581 0.84138769875021924 0.84195442549879895 0.86335258796438907 0.89172891688764455 0.86898771728968549 0.83239841757268274 0.87412992885288643 0.90053730755740247 0.86867220442191306 0.83922132154542772 0.8326056872626818 0.81635333468271343 0.81137277812125663
0.89863507562245426 0.88432161423969258 0.8435299219680723 0.83366408408415849 0.82720785104762284 0.8453735499047329 0.85669523623513233 0.83636344703043441 0.86845248011795528 0.88885216342273665 0.86893368398546411 0.85437077342401802 0.8435189763241483 0.84704456164198139 0.8678013688093873
0.78688753528213828 0.80935698471819817 0.85143815441398774 0.91992340547384277 0.88702085320717061 0.78448981537792217 0.77201293822801242 0.83237438718065127 0.84955072654521036 0.82152012851918832 0.82642928353590916 0.87543127211229022 0.87642915058625437 0.8075223150732993 0.78911507308220108
0.77721459042582264 0.83451472003805116 0.84216180687015052 0.8097904105994882 0.81570508628177485 0.85221968512759838 0.88654047233202193 0.88485726763638006 0.87783289554662935 0.87455252587265031 0.83368424050229284 0.83019895955249956 0.88785006470998562 0.88277798375273808 0.85027711179642562
0.90325015473796766 0.8223461235917392 0.77811096254437306 0.81145642350551073 0.85334643342640304 0.84555794260869388 0.8427433134291904 0.81793162776890682 0.79438192766176141 0.78351173225851944 0.76436359924335251 0.76618161432208154 0.77903685001170819 0.80847913265876448 0.82106048206309123
0.90205629769844931 0.94601977912014179 0.94994573185500697 0.91582408459313747 0.86754024783954531 0.84028809550680217 0.81612039997912289 0.83570333814403608 0.88475968434456176 0.88491043063871211 0.85565195934945271 0.80747655782213101 0.77455074936056056 0.82139205741196819 0.8940565415208036
0.823763323680483 0.80385716573996824 0.84567367445407493 0.88342443108934643 0.89057845753156095 0.87248665421855309 0.81316459175421818 0.76519134175812897 0.75801070978634688 0.78946592642613411 0.8497976545086966 0.85417441088390511 0.82733665274441937 0.80778199971481224 0.76822396837580387
0.91624933710879186 0.89106143091497469 0.9299612276565612 1.0185904498317975 1.0245262402496444 0.93430068858972715 0.85620288044614035 0.84937572470955314 0.88360576069971097 0.92870839100039382 0.92446981533241424 0.89670668014090538 0.93634421307814852 0.9816792832062724 0.95766605581788866
0.88812887282190656 0.94312123216186494 0.94657088368750131 0.89698149196431221 0.83953557004802148 0.86038370716077039 0.94290658648543835 0.95090331483206025 0.88302297179834732 0.89726994506345248 0.95740813233257671 0.95287290785813306 0.97177022095297194 1.0222960730058912 1.060774985160569
0.90500218230021989 0.91887673810134463 0.84632528997603218 0.8224120009356064 0.85938557978551111 0.88043135186427035 0.90874574306149203 0.90387249358552135 0.86800173696962013 0.85117296232256434 0.85746244569044994 0.87117373263006537 0.86443172017273251 0.84740559455407183 0.8528703196514229
0.90301768021384132 0.86737584505972243 0.82254227729265394 0.79906519668875742 0.82203309939885583 0.88850114873710573 0.9180307070745426 0.89053065043577884 0.87737700638366878 0.85557566414621866 0.80305362852015305 0.75937032264364202 0.77699321427808266 0.86816582024404865 0.92125870932689158
0.91336057074974264 0.95803278017423488 0.96650907110726658 0.91300815847499317 0.8441079638844935 0.81787517727984071 0.86195141983915002 0.88896373224486336 0.88666114283580033 0.89768094946668553 0.90323410784535618 0.9050398360137325 0.88734487113426008 0.83390113414535938 0.8114297555117318
0.87158867690554598 0.82413945908022079 0.84926025446334918 0.9098173484000559 0.89900741469096257 0.89084174677634309 0.92301564190060359 0.92257696107345299 0.88117176384758522 0.84688965554336348 0.8560919718992378 0.88380261867358934 0.85697832390086359 0.85720129133910283 0.87237369129662756
0.83904541367712493 0.88475267225524978 0.92343654304538947 0.90035091684731605 0.84761775582726007 0.83977539381388733 0.85295124821956281 0.85126475213615449 0.89908295054595855 0.97498363402644561 0.96501803674440045 0.89744150246164156 0.82567176358217842 0.75111505270565926 0.75032393066012681
0.91121674329266467 0.9839878320582649 0.99864274564611 0.94504814457443886 0.92246110830912409 0.91092159713037135 0.86583494563803354 0.83126821513270155 0.84879867449633584 0.91068278339147479 0.94231866661392361 0.98221831549487015 0.99335161573598041 0.92282290476673645 0.90281784477302207
0.92810100453540978 0.89267688545250767 0.88814660430200176 0.92054525849499513 0.93309876363673505 0.8966860042603545 0.85390202946139793 0.83536569361900193 0.82477200755336355 0.84157183548654058 0.90231690738022796 0.9412430721254148 0.93236318822396813 0.92939026021882443 0.91515008657137198
0.79738166444706082 0.79052722884323279 0.79487397530043236 0.81041887018490788 0.84572798499782254 0.84973258456638923 0.80352379845822008 0.76899767003358244 0.79284191636410928 0.83348426137794962 0.8353224815660073 0.80765774625266462 0.79088145237368757 0.76074611605686271 0.76118234747458924
0.75559290094287568 0.74035882960762411 0.83438576684574406 0.89864869181570672 0.87403052442125406 0.84533611225751726 0.87538884610248258 0.86875473533752723 0.8517281964113903 0.8410592730398847 0.82438188439388926 0.87853687096928468 0.91665156154778449 0.85243707444083372 0.76884108187461297
0.80824010949107628 0.77276626159189321 0.7943916480497355 0.88282790476483441 0.91247016396837088 0.89479638728031252 0.87987433881344901 0.84031563161077349 0.81168798891981186 0.82676266963663314 0.84809955075671017 0.86001845481717165 0.83346062413700117 0.7838566112958435 0.7643112379955046
0.79028520013530146 0.79230052767754877 0.82412619566785983 0.83297257621467136 0.84990455446710178 0.90844598886403916 0.91166886868653607 0.89376186183955275 0.84643531790444893 0.80598301276820672 0.84532308167272674 0.84642775002520532 0.80679046378774288 0.79073763039227463 0.7700540329827984
0.95966450323836483 0.96555085799706342 0.95086987228277864 0.93939588730085233 0.88055809145182251 0.83478427171731995 0.84188748658101831 0.86948600067761672 0.92135859196556746 0.95293045774808116 0.90804618696122019 0.84455322472949101 0.85255103838546298 0.92588689571459848 0.96871861095433376
0.94225544288506613 0.94841915923075915 0.99449681781348354 1.0238593490255867 0.97038274269749769 0.91772009053077108 0.93240255950364426 0.91957711210995252 0.86638642649621989 0.88199692410928543 0.88868431719090746 0.86782396778051174 0.90288672617052801 0.91916388671781346 0.88598208682810986
0.85601768795634614 0.78614902223012262 0.83396517156382366 0.90772712398303501 0.93783560133741317 0.90590008885503082 0.82151424161241726 0.79513219725802353 0.84774314138419382 0.85642157227912297 0.85485037295302002 0.914201477870071 0.93788636104203027 0.89207313174473324 0.83776062809056362
0.78021170527282557 0.74866677911488155 0.78923724252883476 0.85955533471657131 0.88488044874814287 0.86071115665547859 0.86049786991366428 0.91822148844900731 0.92157569698719477 0.91310379582527834 0.93918526503806676 0.89648922224392891 0.86049084944244802 0.88143593427088385 0.85605119986741696
0.79064103233361038 0.79064897226300046 0.84260040761339594 0.9053069369943102 0.92988344721923122 0.89279611083208277 0.87622371091669959 0.87807530817262947 0.87357264710949334 0.91524932865687558 0.9348755165730227 0.89098964204548148 0.86436529403382123 0.85331520332403832 0.82105180788580268
0.95939858787705623 0.96620134398227231 1.0011626737488872 0.96405773548224549 0.8953737346451186 0.90567833689264032 0.91978382137341375 0.98665892434622071 1.0259494276165451 0.93940529111534843 0.84488204644989429 0.825854042581328 0.87113535175485679 0.92058277562211388 0.93387107186521234
0.90483772696818521 0.86542547389491487 0.89843476481654749 0.98661570204974058 1.0215438027609207 0.97812401909333324 0.90863702374310706 0.84838007611853572 0.86114492173124757 0.94244405086046756 1.0149593746460084 0.98241330619971567 0.91043676597961343 0.89694037342486199 0.89133640856678598
0.89830083981095377 0.84087670694932271 0.82114467414175918 0.870126110771825 0.93735565493249773 0.90869549598407551 0.83013936977684144 0.7914129981725524 0.80658135303597789 0.83396964021399178 0.82788954738515574 0.81656205854358477 0.85783962703977523 0.91699169699634531 0.91323873983750758
0.87396833934378759 0.92768848505284096 0.93265359893075528 0.87285456484151258 0.86706283252337857 0.91849236479269303 0.93003524053251985 0.86660171996476798 0.84893174515066161 0.89026945664647084 0.88788001307963205 0.86263523569878731 0.85228237376321392 0.85380650979856842 0.83523351084155462
0.85826874697928324 0.85842019902205036 0.85684786340730801 0.87051092590389689 0.8759630120689551 0.82142739984517532 0.75271555300197934 0.79755954693356135 0.89153527286156298 0.91080527573039038 0.89608271947968643 0.86953016499481373 0.83000419211388476 0.83133826018794466 0.85773913981843497
0.77590030078496253 0.8527934139120722 0.8382560263519826 0.78511229205335875 0.78551243417848815 0.78016142962414436 0.75339056190813292 0.77520399645165339 0.82712656313130273 0.83479207387864618 0.82148562972839057 0.79855599078474571 0.77140144168244351 0.77617213135123253 0.8138805986932528
0.81889362188845816 0.85878343503877341 0.89263020084452094 0.85631122115686109 0.84350266146133324 0.85278963400811314 0.86367846778549862 0.8710806098993632 0.87121342816953384 0.8848472026077211 0.8699941780124828 0.83546020432750823 0.83830257055882818 0.88052185861733345 0.87303346334081
0.82519191416927928 0.81209310820411851 0.83229272759607487 0.8805830119230581 0.91994119481937053 0.85567842106643399 0.76666502388205349 0.80167984193208564 0.86658477541129286 0.87689646833965229 0.91758903819849669 0.92642397433843737 0.88486522287336256 0.85596691548371762 0.7944197617383999
0.80894288007472603 0.81888822283007223 0.84772137619647991 0.86641347205326569 0.90771432367212956 0.9434525656710383 0.91267599209600248 0.83822864253823481 0.79579551422221739 0.78922927686551614 0.78170925545624426 0.82984851001281046 0.8879172351761293 0.85488873093746065 0.79430448172615997
0.78362256533290942 0.77468951377498585 0.79500112830627923 0.8269176948375373 0.87118115615185709 0.85557776233067506 0.86424930358889551 0.93604199639188146 0.92933951290792183 0.83885795590671286 0.79588152273685009 0.83027115239357552 0.87804500032826394 0.84143874951143216 0.76675510483565268
0.87897884498795265 0.87206978013500824 0.89591450805396788 0.90287811392774453 0.88156053197156503 0.88674927646231294 0.91009142860909964 0.94249897496336843 0.9538727268099978 0.91550268849174488 0.86727596150331543 0.8415910322224015 0.83195613596152318 0.83129742126635098 0.83170860518895895
0.94108560438438427 0.8447029550861328 0.80470306238954192 0.81251875111415384 0.84273725292276425 0.86704944564226016 0.84933220620642569 0.81874653599877478 0.82250034983474274 0.82233504578301797 0.82145191651630178 0.88281894578108522 0.94358599935702558 0.95524285575039003 0.89766655367142012
0.86451309098739026 0.89453035715272244 0.87783927433887621 0.87360816616831383 0.92740131240711832 0.91660392903430754 0.85790782804622934 0.86368231681971941 0.89727055258004185 0.88389252582568401 0.83057087480141878 0.80451829805073516 0.81294484235656106 0.82132394297608713 0.84064984468300719
0.93951398363982552 1.0093936068270761 1.0236727538023676 0.97877694423791584 0.94746818336804506 0.94587131301467986 0.94261441705667837 0.96190171361602983 1.0007343406012661 1.0149624469356169 0.99897192535701129 0.9456187672462123 0.92755180160981354 0.96391878773209394 0.97866035657997164
0.81575081145752826 0.84761847624524456 0.94872897815729351 0.97654833460312185 0.9047045999942811 0.87677495119771565 0.91441098803290488 0.91525759089813119 0.87794550910810287 0.88905953633628987 0.94755951098078406 0.96535741953392884 0.90195541059576689 0.82724167914637425 0.82669913707127374
0.87230858472246819 0.90236396381588724 0.82031009629649865 0.76254443993770371 0.76249837063399795 0.80057982860874766 0.87712905090846027 0.86587547316726965 0.80353194989814558 0.78951180924776554 0.83008531542818709 0.87234995356566369 0.86659157098832584 0.85685407889900989 0.87627343633087573
0.80268833583261678 0.8763545812015221 0.90699247172692932 0.88232158940139227 0.82663708372318223 0.79936218539242065 0.78922443687598309 0.78096456662873703 0.81251152802305071 0.81416840696899517 0.83971132738559484 0.89119098556250698 0.87078149908889235 0.80729226497350637 0.79068521446771123
0.78227293552467825 0.81385927292722493 0.84905048768739977 0.83428885438098832 0.79446713102966526 0.81013678087039576 0.88774210970067624 0.87487235192978552 0.78091634115225339 0.75865742860988694 0.78769770156792951 0.79245065784070445 0.76754407063993446 0.7448226414104373 0.76204249383218792
0.8436811448426762 0.89392761707171264 0.90332417368494555 0.87145786823218374 0.82250003035179275 0.77152593806044933 0.79593711017720858 0.9016262748533922 0.90345174915245618 0.80743581572434975 0.77962466312317735 0.80315009718701447 0.82725787604023782 0.85849881938668238 0.87971636076673976
0.94841633047812268 0.93573646054153048 0.89495150698610204 0.83992956905632854 0.81070710760426901 0.7897509940462214 0.79499317756742915 0.83644992254980388 0.85286968095977544 0.87704532845887295 0.91363928320073995 0.87644329316232061 0.8303752107306841 0.85181077358212776 0.88937699996104036
0.87452108245186455 0.91663800335711187 0.92632822453799235 0.91347847955257921 0.87912558701449028 0.84339177967177514 0.83374796297891229 0.8764027504241757 0.93620430050729397 0.92418062277602142 0.89301046285134977 0.89667386434449503 0.89801261808318422 0.86982200203285753 0.86234938529753558
0.88888005591123664 0.87505239123259226 0.89809790174486115 0.90762978401248495 0.84697487224766455 0.80906033820623946 0.84478488119905526 0.89084233063965079 0.87991343399864008 0.91233076620922815 0.98113821025628867 0.94187462361459218 0.86467266695346867 0.83765347118474498 0.82466539743132905
0.91215145842235668 0.90253524658041961 0.89328822603813396 0.85418280873425367 0.82346343103394071 0.84371027242654084 0.8966979745191237 0.90953737153960479 0.83217670688277368 0.78455942330434292 0.81653539806342068 0.82648134402349061 0.87547591455164153 0.9167883916249342 0.8935220397100806
0.81108919030859994 0.83168434220954235 0.83444377811827275 0.83385337394955839 0.85437651937386672 0.85861362017357756 0.83071170270712213 0.84211914361414941 0.87482043784586228 0.85779572902410528 0.84527288496971187 0.85592321457796949 0.84074238988444727 0.82420301441847965 0.83379499178297034
0.82281741715185075 0.85819772716791798 0.91790503504603993 0.91628779651985381 0.91783730310981637 0.8890074818589373 0.83965850341791159 0.84995728481104871 0.85668686580382558 0.84662660981752036 0.85689161464718211 0.85340027645545524 0.87016317611384253 0.88817260092399686 0.86733998379356569
0.79702186171492528 0.80552877398385669 0.88433187643229993 0.945460843950782 0.9364592015774883 0.89341996069538876 0.85680633738605838 0.83580878648473567 0.84310330000418654 0.85456714194380745 0.84831661737823916 0.84624942741460851 0.86831616175264514 0.86588964747317243 0.82852316598327225
0.78929663212295609 0.79637605876906203 0.83000949481105823 0.8658245637493448 0.86254717465475939 0.80357691435820056 0.72383555755943485 0.69712461813208926 0.74650228161074372 0.78561879037843807 0.76754154774915306 0.75608341300995885 0.79552233517739979 0.82363273556325933 0.8081990974696357
0.86206223177664687 0.92267789536784506 0.95097525882573752 0.89342054557857864 0.82481320074962028 0.8327345547750904 0.88106690720158498 0.91860656869400048 0.93154847848745603 0.93104089350964458 0.94402106338670644 0.97001448454253247 0.9697132938665014 0.93965536977060182 0.92569579359469645
0.94117221703631648 0.95944891658409681 0.93785021843399863 0.90495408149409007 0.86877011233932866 0.83738024255139076 0.87814132446432147 0.95619687523729524 0.97264514443018868 0.92914612101361271 0.91073999371781911 0.92886409538391557 0.90899072444813989 0.86761759114183512 0.87702286852512201
0.82565347026401947 0.85719823216923541 0.90455509727765138 0.91874312895365062 0.86528766739948459 0.82078931420871859 0.83378514760050459 0.87072840238211413 0.91287135763500715 0.93504779271032612 0.90216595586788462 0.84917245304977595 0.83640472612354122 0.86162086800075655 0.88422891122365888
0.81827075412131267 0.86091015746744215 0.82191446478412578 0.8025487950568797 0.79946241272004082 0.74434584448081231 0.73357241324923583 0.78173008452327652 0.82294746559547194 0.83593856206625861 0.83774999098271064 0.80818153440138585 0.74790354470560017 0.75691964414466772 0.83846377105741421
0.94588410846321613 0.88633995941608368 0.82950627868846927 0.81652561365703813 0.81997064286019661 0.87083797454301326 0.95620811907150949 0.96133073287953175 0.91103049701552563 0.86496228737107062 0.8145872989345404 0.82882142178565099 0.86226393747512908 0.88566225364297146 0.89983471992079489
0.77443280298227635 0.72344205173037157 0.75481245863506607 0.81604214190722768 0.84498843003294666 0.83083244519620414 0.83469095548738448 0.85654369678787412 0.85166132835145691 0.8213751026624968 0.80448889358360609 0.80388983614956266 0.80585925950408477 0.81234159392621053 0.7949357258853964
0.88623825450670901 0.89445195546429068 0.90862327713861046 0.90861605622252672 0.89323850430116769 0.88821083637677245 0.94310077226545341 0.98425970856386735 0.93227546663024741 0.90609439264449032 0.95079356560258699 0.94926939817088163 0.87495790461395939 0.81823742639343011 0.84218918233221896
0.92113795936033294 0.96911548773556311 0.94273844800605233 0.84159366784885115 0.77932462462335528 0.81557689174781967 0.84761743843890014 0.85172139053288898 0.90433815115886873 0.96187123933377783 0.96826233970141484 0.93533966244863764 0.90693923700920487 0.89892161863885067 0.90922748405466824
0.89488136993973633 0.8332804271433798 0.85807340907383944 0.93031579284317989 0.94576782470332998 0.90445199426836098 0.86941779964595989 0.83853856610331257 0.84530994289262262 0.88727790023121922 0.87865641289285568 0.81401598584982515 0.77737927987549382 0.80673042604631218 0.83731485471948974
1.0236972216886997 0.97179095010282324 0.89505877653544752 0.88357591365824106 0.91485266544246824 0.89475838572473843 0.9047038260477881 0.98158691659229635 1.0034429953452955 0.97497686006449713 0.9826823408709785 1.0363114615555264 1.080940000833607 1.0607300153034933 0.98023140047776103
0.89684006138022221 0.91646623345401468 0.86075856207838142 0.78828945540532214 0.78228300384595095 0.85434465143246752 0.89528683708950207 0.89848245072739019 0.8705400733673101 0.80855333982768907 0.77448510039439322 0.79702945044474627 0.82316592581361314 0.84315118057677552 0.89155712861131087
0.86059708899122589 0.83778271581907626 0.82039219258120166 0.80368563447568753 0.82725439615409535 0.84954320533645677 0.85624513539978064 0.84792626374131963 0.82078232379058425 0.8272752122778021 0.90035953958107706 0.91636545021531735 0.90647038234675004 0.94391412582183021 0.93563813030580911
0.91660247144229834 0.91034813265126535 0.8676658770224509 0.84962533244089067 0.91608404365058416 0.92657701931858949 0.87283970690855239 0.85787371885400066 0.87701278110606062 0.88836212539930148 0.85638843995213265 0.80326847636021836 0.80392649892595724 0.87358735237361207 0.91374926328045136
0.91276414079986767 0.92116978464200128 0.95631175677740787 0.94276983700556893 0.89837982900061819 0.87357062690428111 0.89735613574696205 0.94709355878253509 1.0070160734737326 1.038687726099579 1.0065758339927979 0.96725743856901603 0.959031413777376 0.93134747075107738 0.91068931045347445
0.89192726401392053 0.81319080843386704 0.76739094501075167 0.78740613268139292 0.84942613690126367 0.90494409950201071 0.86746004772612917 0.78570268552877087 0.76816750657379573 0.8032987820184464 0.85708484737260293 0.89487159524710758 0.8856107665311489 0.89129063291619004 0.89556546532319348
0.98510877857036272 0.96628082015280403 0.83583703886326899 0.75338430879125751 0.79338552428050535 0.86363332789777281 0.85873386656062267 0.81997909013136017 0.80339523524720935 0.83856647525059058 0.91298352387881321 0.9510883484871635 0.91669133748159659 0.87754318074724202 0.89609394003961251
0.91971703561288987 0.90515226128503834 0.92038634696106691 0.9029832343206744 0.8729436822961415 0.90562305817923783 0.89745656889586478 0.85547613628912911 0.855043685913773 0.87507178996463864 0.85827430522137904 0.86763652423425719 0.8892527749105108 0.88257236162176145 0.86156764287462251
0.82642424726742802 0.91091296940300159 0.98098883792409863 0.95222540881980633 0.92391785532967319 0.90701320807068142 0.86906712620181625 0.92145880771672295 0.96525354852046386 0.93107821167779703 0.92773764423197502 0.88735266309357497 0.82595396258100506 0.83453100063160901 0.84085783809530745
0.9505308089605814 0.99307389378873701 1.009197867424972 0.97491470618908915 0.90650272517809827 0.87951567400418951 0.90220694686973657 0.92425339645495241 0.98204224110544869 0.99491216439561359 0.94837456935266906 0.89529557974736529 0.8608127831775978 0.88864469475736796 0.91508593596272891
0.97035993956160149 0.89994877031973453 0.82920540568428547 0.78025510189978831 0.76572626810200972 0.78576371687175173 0.8283541491270624 0.8621960554685838 0.82851299480166196 0.77469766265413298 0.77217766758156703 0.79988963263602231 0.84629028830528541 0.88500317687653884 0.8772502592672452
0.88032318961282641 0.87851186990188146 0.85746262326388911 0.8302242003362702 0.87179453873351331 0.88947924817547352 0.80659202449869927 0.81644018615869429 0.89926998635529665 0.8915334270690215 0.82443725033659454 0.77575490797872682 0.79606601024919077 0.84446189292998464 0.88227188967988435
0.80003991463148572 0.76467993477891016 0.8084979602743515 0.87612804132447342 0.86306177901019809 0.77629093664277371 0.76186671068740053 0.80271988955148554 0.78792122492311722 0.76103772169272887 0.80197122830504652 0.8780735667603492 0.92213947048889722 0.89963407372387916 0.83532798299502686
0.77793218207551007 0.81516716338022399 0.81613642294432809 0.82696053157906191 0.79088709543331226 0.74559331636676651 0.78274439850693744 0.80797542554397783 0.779177872131119 0.77045437375866255 0.78920402472199724 0.77744821035561895 0.73244976751862778 0.72257336645640824 0.74363740514227972
0.82804950383044318 0.83196586222899316 0.87429483027517274 0.87793146044929238 0.80893254599536735 0.79415340650373145 0.87772055994297482 0.92556788304045379 0.875692778613816 0.85739790612643452 0.90255580091736731 0.908930081255658 0.88681669813114117 0.85531312090384759 0.80852264486453262
0.81962100329752785 0.79575200674037394 0.82417061572099004 0.85376975227208241 0.85262548645456548 0.88123604686008872 0.85241675536453121 0.81021615945108649 0.87435530808333273 0.88986291081880309 0.85299713276620626 0.84738595619785295 0.83243555635873523 0.80555295938507909 0.79113883340095936
0.84659300352889777 0.83221800231221565 0.79435149127414928 0.80594244668387016 0.8903000912437492 0.94266148949653294 0.91059251185659107 0.86104197581701858 0.84469230631334391 0.81622955040182754 0.79384024606504999 0.83381708358346396 0.86014711681147749 0.81409482034242431 0.78807039404763324
0.82048180153817041 0.82175733203085966 0.83506603479001718 0.8451267018130858 0.81388663150811869 0.80535761012616913 0.82988266612614958 0.83283508204324974 0.86245434469633731 0.86358268948137518 0.80101892212817449 0.79025469540697202 0.83669204991625723 0.85713950357685464 0.85725821543073388
0.91002106844271724 0.84280904508969512 0.77836646102787077 0.78887272811783737 0.85963115182829952 0.88278962657479154 0.8536776552474663 0.84809342370075047 0.85703974953677386 0.87170464393108893 0.89205727527427292 0.904857180120614 0.92565940953333326 0.91373070972133197 0.89363488719217232
0.83324355996161281 0.86893810422891371 0.88849860009183268 0.86930645384717087 0.88616259698355071 0.87130330779227816 0.86762319667819043 0.9250589866685982 0.97069805133230602 0.9827677763551812 0.97781214061550359 0.93030791686589565 0.89450190246592864 0.89968665610498399 0.89226871946175901
0.86977810345859885 0.90264651247243255 0.85944660028848585 0.75934893387582403 0.70121260334903779 0.77029587231233487 0.89002488725703954 0.91014451241173322 0.90384053540392251 0.90794218169956253 0.85624221862442373 0.83065839307539779 0.88365331224581523 0.91092099231018486 0.88806015625035339
0.8561642998209088 0.83423583086963748 0.851736926072169 0.83980330587594321 0.84296706714410641 0.85689469500010274 0.84218337933461396 0.85555574417196201 0.88135305528506958 0.88805618018297883 0.89357528654335572 0.89399403156135338 0.8984324660365699 0.88658588557647799 0.85167338445385998
0.94441318419158793 0.93031384556796337 0.9260227560071751 0.94184964610232802 0.87816656405909199 0.82782240479516545 0.85577629006299216 0.87547013335693136 0.86665892846154258 0.83208118568619938 0.81513735565675893 0.85760723279535123 0.90191119296889999 0.92867142695426241 0.94714065859765795
0.90862062394356857 0.82813055739200403 0.8057015558839572 0.86578145606653956 0.90333466543995522 0.84325542964514522 0.80523920634942547 0.84826399769963312 0.87932107105948421 0.89192380849865938 0.91329869376009931 0.89961054891956571 0.89380941195545283 0.90753505674640977 0.86551711731736292
0.73994084523551285 0.81826707198936144 0.89307586303811959 0.88562070346133659 0.78665677229747522 0.74737613246823009 0.81839064665252936 0.82824426390651873 0.77035863906811453 0.77049152796116893 0.79016091921553722 0.80324443149511704 0.79066635345967318 0.75453517754032284 0.77500098216536029
0.99518608106564277 0.98408356873633784 0.94444843083541063 0.90116173966819102 0.90873546226701085 0.9809070166100764 0.96998249793692226 0.9087538374605606 0.89837475784355714 0.88611153190528436 0.90317183674093315 0.94500474065922757 0.9228047323984081 0.90264020129337252 0.9335526503446917
0.94002979712251733 1.0009759730054901 0.98375990006807157 0.92896988005410519 0.88502629267834509 0.84675004586592506 0.80472523661913198 0.77538587309106 0.80175696551222897 0.85732421642998979 0.88198745325035888 0.88228577300512068 0.89027914528740393 0.89330187119525972 0.88802217568892217
0.99546376291391947 0.95061594731296284 0.90252683190833571 0.85564286250011179 0.84352198194242833 0.91186117395689981 0.93774501849199388 0.903392323093412 0.89399995974927282 0.91717309267939373 0.93077109658618995 0.93299250320908889 0.95298816966456101 0.97377334043577324 0.99947403239473409
0.85684829378141691 0.87235434868944006 0.8601165553732284 0.84457305820849293 0.82659839067997865 0.8166592933197826 0.82725217129513617 0.81504376033337589 0.7932392737606806 0.77386766366029602 0.74140976132106273 0.7701241530821431 0.83583451393993158 0.83504063181019006 0.85102694076634133
0.87884118413498979 0.89327685457104078 0.9140260952186039 0.87673403130018956 0.79738373169793331 0.74356272251815236 0.73886185177426911 0.76926521362032518 0.83347268742509284 0.86382136672122167 0.85479791544732453 0.86567156677643442 0.91741616188782849 0.89780963773204203 0.85710485506033962
0.94340911237077407 0.88109640622488861 0.80690441599760776 0.82736771048962832 0.89690464046362106 0.91419275604212191 0.85972793094577027 0.82047287750421216 0.83432759821106695 0.84024197655600996 0.82869348307364565 0.85696358403318285 0.89663174875748308 0.91887301422230916 0.91745894807586725
0.86887853387258007 0.85935676577945541 0.85016859160217773 0.81815158154098089 0.80566738490184253 0.81898697863128866 0.84775507653415016 0.93509233532264147 1.0225478750468466 0.98692603874783857 0.87981455082876237 0.83787044568246272 0.86340503870837637 0.90623452436462193 0.91812312621346803
0.78518028279646157 0.78449965673713729 0.82663907177291374 0.8516294010248785 0.85397139431259317 0.84888674287164234 0.82594467104755143 0.78530152072718684 0.80745267287585287 0.88367066183721421 0.89456713436360691 0.86199817188364614 0.84521225388318177 0.81553803244453071 0.76915268172149254
0.81034248125728214 0.88740472255948122 0.91281940235287939 0.87966971900321966 0.88783570029502823 0.93000512517734535 0.90537545615239645 0.88248352906979377 0.90375854500587727 0.89895141886968044 0.84836856173399322 0.7976199311626867 0.78433428872120758 0.79926595503895814 0.82007014649142751
0.86405007775254483 0.85029761633168721 0.84293514846908013 0.89281476323961717 0.94751841480666366 0.94029865070527696 0.88237370973042928 0.86992519077935637 0.85075503670190067 0.87171976537984985 0.94006626261177229 0.88386485473841436 0.79690896792027488 0.82555775253283115 0.88808681762676378
0.87576319789015589 0.85643788558146983 0.81024240160584216 0.8428352941074374 0.87966233308426156 0.88742464658802944 0.90007519174066641 0.86902291061164305 0.81039041276991597 0.78124045827827648 0.83508084566944307 0.93069585952916067 0.97002872370028093 0.94833153984030993 0.93864447634023263
0.88592795255650669 0.9083888568398385 0.95285015431508524 0.99238944832202369 0.94712935566679501 0.85096552010417192 0.84746009471635753 0.93901547894271464 0.97981902434433432 0.94188951552929623 0.90384090726255739 0.88956916854110213 0.82879337148842136 0.82117317362582243 0.89071965296470801
0.87857950442164789 0.84847006332143549 0.81369191181220457 0.86387315112146035 0.94408146621186351 0.96296847821018527 0.90655351747633428 0.86007573556618566 0.85711011786847158 0.86789642297441527 0.90634947122999732 0.92439859615651476 0.88023889621516782 0.90527652622135202 0.93055871938651136
0.86679683286792408 0.81029921194286214 0.79068511295787214 0.78535951331725795 0.82971223133998606 0.84750270094593816 0.79985164464459513 0.80076245908109089 0.8337270039854312 0.83642447779625317 0.85868416866040831 0.86492229233048501 0.87297908923986633 0.90151525162038149 0.86199100907332804
0.79413831474149665 0.81818007597697606 0.8475610781113343 0.83697858958280358 0.82627619153737808 0.82055972374898023 0.79537040763886335 0.79032101967127122 0.82374665069874708 0.85572823370440498 0.86428859848348361 0.84942790283433833 0.82093930242770341 0.79965836389290335 0.80436832022229698
0.83496853182907549 0.87634752645293124 0.92600180890413408 0.90216494879846387 0.85413045553865996 0.85837740212320757 0.84981758966516718 0.84426398975968886 0.88551377897348227 0.90985279575246214 0.91029198010301315 0.8972128618592875 0.88295294464724838 0.89740072039732011 0.90721615700304559
0.86412683181419891 0.87741559457833207 0.89294826901364377 0.89739340409030111 0.91536518523198462 0.92465354255787591 0.89589581715959221 0.84634592645474971 0.80171549633986461 0.84643221258899448 0.91659438319434627 0.87899488767410128 0.81985836062770789 0.8329928104841724 0.86323657773688911
0.91725909724215626 0.85025372973455848 0.85512366095278403 0.86774463436766358 0.84483369964368016 0.88802257621060032 0.93786329687257597 0.92914196267852001 0.86198406362684121 0.83846501533088824 0.87254798761694485 0.87961719996896715 0.90495529990886914 0.94590886372542216 0.94715708235032547
0.88051106673494572 0.84755058656128734 0.85490594740886217 0.90426477808046057 0.92670302544615657 0.9111266525883035 0.88598844586013092 0.86450063213662631 0.90462022521528318 0.98669573987227055 0.99509836065999291 0.93240093025676885 0.90931522850441115 0.91532628257374127 0.89576032528864569
0.90295960258883945 0.93088085139739996 0.94003156089735185 0.90440614680716347 0.84193975708466251 0.86694967743198692 0.93526245324173385 0.9425015137252406 0.92859993953547215 0.96100995400484501 0.97177955797530258 0.91441565080025722 0.89358320976847383 0.90184234517518314 0.91877144336064454
1.0050626473720441 0.98044517966597633 0.94573268616631412 0.95009243702009349 0.95480975732596229 0.91598672568003892 0.90979852355120738 0.96821139234099074 1.0297534601547955 1.0676682885959048 1.0317224279402653 0.95322987486101107 0.92936271252721514 0.95254430425168357 0.95371048283585957
0.93779284742744828 0.91814624620689256 0.93260485210052002 0.95220449807609508 0.90490679087266801 0.82354888503645518 0.82082956007466268 0.89304367892184655 0.93798337141868027 0.9338648295457993 0.89056794687601726 0.85621032472686553 0.85796022266718708 0.89939823090949467 0.96038416118794778
0.90160938024230897 0.93768410074859954 0.88674649358290158 0.78089746746526589 0.7664693512480748 0.81990067530328348 0.84147286104772323 0.84611206579925213 0.8688892687019123 0.86827236403811725 0.83586434395914233 0.83455052958865106 0.87535822667540331 0.89982672482960824 0.88310661505864363
0.84096134364517672 0.97362915378245252 0.96789569237417872 0.82151030991666885 0.81150264598655231 0.90096460728149319 0.92559822209541731 0.93240567324940826 0.89896028966528008 0.82705809831435972 0.79256262373127651 0.80760019614794398 0.8153652195928055 0.78181839884229387 0.79745939178113012
0.8953902864886325 0.83460079546631383 0.73781250501874851 0.74215321605478168 0.79452260156513166 0.78880086755701229 0.74826977577106546 0.76270570627440981 0.79347535889757337 0.78351662643774911 0.78190247537008251 0.80587726042019725 0.82340011407169922 0.84547856692676748 0.87337879534594809
0.95340205052601834 0.96135083296245738 0.92132193824237429 0.88810929078237377 0.9417648304084264 0.95954540867293436 0.90069970779719732 0.88371107487641609 0.90820957461860141 0.89991781482112887 0.92564540604675427 0.99891037257790527 0.98665969207734794 0.94988345240874006 0.95559956280648384
0.78775869273206478 0.85615596474721012 0.8677452064899811 0.87290616296267554 0.8771918549858827 0.80615508521481394 0.76598973240870882 0.7844131936976273 0.78147454291631635 0.77419317413760225 0.76091778013027378 0.75910976560101362 0.77627265354019659 0.77531852410985802 0.78691685964412361
0.7293755855558709 0.69591638520786359 0.6754126636826846 0.69961241188240209 0.73437684235273848 0.74480250812812487 0.77129978758278472 0.78202466850284702 0.77285886522249514 0.81030244790946027 0.82253340449146972 0.80254767910877967 0.79456430374048281 0.8280107057804732 0.83589135493294331
0.75661177732670315 0.72005476464861118 0.75859426050648371 0.81267693927910845 0.81915353200784335 0.78348389147719133 0.79404868226069802 0.83142850249744804 0.83198593733404169 0.84365011739568108 0.90383855300058191 0.93983223266138238 0.90594949026022265 0.8587221647811667 0.80558265288258202
0.84218192638268763 0.88033031301190667 0.92742682113971453 0.86551281705537997 0.83551999474695471 0.89467784351551405 0.9190756341489128 0.86078067684243109 0.81074752316582177 0.83457820977533981 0.89757166604886318 0.93399401561177631 0.9346839363481515 0.91651032919984421 0.84355582164092979
0.95567643965167881 0.87922342507012397 0.87057670677354482 0.89311429559412936 0.88298967720016286 0.88416946221745507 0.90428566659408316 0.89790456208583913 0.85517151243913492 0.83126957039739036 0.85753557030530059 0.91605243559083571 0.91926441318303087 0.88789795264997895 0.89338564081537586
0.7966696801948423 0.77907259389509476 0.769395442748394 0.81481614822915804 0.82838413145292333 0.80660844132496534 0.8375302835566002 0.86526432173069667 0.85751771836046176 0.88092679911271154 0.90558523301046367 0.86052393250268988 0.8004937829073614 0.7880864928194995 0.78453414744463867
0.78624994533468395 0.81628814564163421 0.79901128150105627 0.78704661376426432 0.79488436324610678 0.80222285392368409 0.77998479537799148 0.78699146940274489 0.8188078227410619 0.80079567017501341 0.78303958550261921 0.77784052489998678 0.73928653131205102 0.73492814153627362 0.81873737277158598
0.93371244931496133 0.91881588342401799 0.91394736289950673 0.93132864493493761 0.92161595990053247 0.90370859341672838 0.91123549688781313 0.90515065236465453 0.90035821766006918 0.91423166793164734 0.86817133940672209 0.79873394915147056 0.81034107093252239 0.8855505464593213 0.93837822055839748
0.81641305226146232 0.8450567077544483 0.88984207048975461 0.84554853239336425 0.80718140573245722 0.84422122639719177 0.90768450766861408 0.94436131701267023 0.92937010537363096 0.91427090010309764 0.892951248859991 0.8330089846401848 0.79765907556960114 0.81494611736962519 0.82986725302544462
0.85726220933468866 0.86078284535595595 0.83982875228931197 0.81594864006620438 0.78667128884323656 0.79887769884296034 0.88439796576567076 0.90855229842336682 0.90873368646042252 0.94790502987632508 0.96563937666258304 0.90091880618291331 0.83669858772217054 0.84841103088101899 0.87036322775561847
